5 86
10 93
15 92
20 59
25 62
30 40
35 36
40 30
45 67
50 67
55 2
60 69
65 56
70 29
75 19
80 98
85 70
90 91
95 73
100 96
105 25
110 36
115 29
120 24
125 45
130 34
135 50
140 76
145 84
150 54
155 60
160 39
165 86
170 95
175 78
180 97
185 92
190 1
195 41
200 44
205 29
210 97
215 75
220 67
225 53
230 6
235 24
240 32
245 19
250 8
255 49
260 18
265 51
270 79
275 28
280 93
285 64
290 87
295 91
300 59
305 51
310 75
315 21
320 29
325 93
330 43
335 29
340 43
345 38
350 4
355 88
360 17
365 43
370 90
375 25
380 5
385 86
390 42
395 7
400 48
405 28
410 46
415 22
420 5
425 30
430 20
435 26
440 8
445 62
450 58
455 36
460 79
465 71
470 81
475 94
480 99
485 96
490 13
495 95
500 84
505 84
510 36
515 56
520 87
525 72
530 36
535 87
540 13
545 55
550 21
555 11
560 5
565 50
570 20
575 69
580 30
585 72
590 25
595 99
600 98
605 90
610 9
615 36
620 94
625 69
630 50
635 42
640 93
645 67
650 61
655 59
660 2
665 21
670 28
675 8
680 36
685 48
690 33
695 54
700 68
705 46
710 49
715 33
720 53
725 25
730 75
735 29
740 14
745 4
750 50
755 2
760 99
765 2
770 0
775 38
780 35
785 92
790 4
795 64
800 43
805 0
810 49
815 88
820 43
825 90
830 41
835 32
840 60
845 61
850 90
855 67
860 90
865 57
870 5
875 86
880 26
885 52
890 46
895 70
900 31
905 27
910 14
915 90
920 10
925 74
930 20
935 88
940 70
945 17
950 49
955 59
960 45
965 58
970 78
975 89
980 71
985 59
990 33
995 25
1000 93
1005 99
1010 69
1015 94
1020 31
1025 90
1030 57
1035 57
1040 47
1045 21
1050 54
1055 25
1060 16
1065 39
1070 38
1075 21
1080 12
1085 85
1090 76
1095 59
1100 99
1105 50
1110 18
1115 49
1120 5
1125 75
1130 89
1135 18
1140 22
1145 30
1150 26
1155 53
1160 14
1165 77
1170 88
1175 32
1180 91
1185 46
1190 73
1195 91
1200 17
1205 55
1210 30
1215 61
1220 89
1225 51
1230 68
1235 6
1240 49
1245 26
1250 96
1255 60
1260 70
1265 42
1270 79
1275 84
1280 34
1285 72
1290 63
1295 30
1300 59
1305 24
1310 43
1315 32
1320 40
1325 62
1330 41
1335 54
1340 24
1345 57
1350 71
1355 18
1360 53
1365 59
1370 97
1375 8
1380 91
1385 15
1390 89
1395 9
1400 10
1405 78
1410 81
1415 89
1420 47
1425 31
1430 81
1435 79
1440 50
1445 57
1450 81
1455 33
1460 87
1465 25
1470 92
1475 32
1480 6
1485 8
1490 62
1495 76
1500 9
1505 82
1510 63
1515 11
1520 85
1525 83
1530 16
1535 25
1540 25
1545 60
1550 37
1555 21
1560 88
1565 70
1570 8
1575 50
1580 27
1585 71
1590 98
1595 10
1600 93
1605 76
1610 31
1615 99
1620 52
1625 35
1630 84
1635 5
1640 54
1645 93
1650 55
1655 45
1660 97
1665 27
1670 93
1675 34
1680 85
1685 61
1690 41
1695 50
1700 99
1705 73
1710 51
1715 63
1720 37
1725 28
1730 87
1735 41
1740 65
1745 17
1750 51
1755 64
1760 54
1765 6
1770 79
1775 38
1780 70
1785 65
1790 60
1795 21
1800 69
1805 86
1810 89
1815 48
1820 73
1825 13
1830 49
1835 93
1840 60
1845 86
1850 77
1855 81
1860 23
1865 54
1870 19
1875 42
1880 69
1885 76
1890 33
1895 56
1900 66
1905 2
1910 12
1915 2
1920 18
1925 77
1930 25
1935 73
1940 96
1945 53
1950 80
1955 48
1960 29
1965 60
1970 19
1975 2
1980 26
1985 40
1990 38
1995 31
2000 5
2005 91
2010 21
2015 71
2020 95
2025 88
2030 69
2035 33
2040 10
2045 79
2050 99
2055 64
2060 86
2065 15
2070 11
2075 87
2080 73
2085 42
2090 24
2095 12
2100 63
2105 4
2110 2
2115 34
2120 35
2125 69
2130 89
2135 60
2140 57
2145 16
2150 22
2155 79
2160 78
2165 45
2170 99
2175 86
2180 48
2185 6
2190 17
2195 20
2200 94
2205 37
2210 17
2215 17
2220 56
2225 45
2230 71
2235 59
2240 52
2245 25
2250 91
2255 66
2260 50
2265 33
2270 99
2275 68
2280 42
2285 63
2290 39
2295 31
2300 4
2305 83
2310 95
2315 72
2320 58
2325 52
2330 46
2335 83
2340 25
2345 39
2350 96
2355 94
2360 19
2365 92
2370 79
2375 35
2380 7
2385 70
2390 84
2395 0
2400 96
2405 63
2410 73
2415 23
2420 51
2425 4
2430 2
2435 91
2440 84
2445 19
2450 28
2455 19
2460 23
2465 39
2470 88
2475 80
2480 18
2485 98
2490 5
2495 66
2500 72
2505 66
2510 47
2515 86
2520 77
2525 97
2530 35
2535 98
2540 61
2545 3
2550 28
2555 33
2560 81
2565 97
2570 8
2575 13
2580 16
2585 75
2590 30
2595 16
2600 52
2605 15
2610 28
2615 62
2620 13
2625 63
2630 97
2635 20
2640 82
2645 65
2650 34
2655 53
2660 86
2665 34
2670 34
2675 15
2680 24
2685 51
2690 43
2695 61
2700 20
2705 60
2710 24
2715 8
2720 70
2725 66
2730 15
2735 32
2740 93
2745 80
2750 13
2755 44
2760 38
2765 73
2770 68
2775 83
2780 69
2785 35
2790 72
2795 11
2800 57
2805 39
2810 14
2815 18
2820 83
2825 97
2830 74
2835 90
2840 49
2845 90
2850 29
2855 22
2860 43
2865 66
2870 53
2875 20
2880 87
2885 21
2890 5
2895 27
2900 28
2905 63
2910 83
2915 23
2920 11
2925 68
2930 63
2935 60
2940 9
2945 87
2950 57
2955 29
2960 42
2965 9
2970 54
2975 59
2980 73
2985 71
2990 99
2995 55
3000 80
3005 3
3010 0
3015 12
3020 59
3025 94
3030 36
3035 26
3040 37
3045 21
3050 63
3055 86
3060 58
3065 10
3070 69
3075 46
3080 5
3085 65
3090 90
3095 38
3100 0
3105 32
3110 17
3115 97
3120 28
3125 70
3130 80
3135 33
3140 0
3145 90
3150 85
3155 47
3160 61
3165 30
3170 20
3175 38
3180 30
3185 85
3190 2
3195 22
3200 80
3205 57
3210 92
3215 86
3220 49
3225 56
3230 48
3235 82
3240 76
3245 20
3250 5
3255 82
3260 36
3265 84
3270 24
3275 36
3280 42
3285 23
3290 11
3295 60
3300 55
3305 89
3310 58
3315 75
3320 74
3325 69
3330 77
3335 33
3340 6
3345 16
3350 70
3355 86
3360 77
3365 35
3370 46
3375 12
3380 40
3385 74
3390 2
3395 51
3400 95
3405 90
3410 76
3415 31
3420 20
3425 88
3430 74
3435 69
3440 52
3445 82
3450 77
3455 90
3460 60
3465 47
3470 28
3475 28
3480 76
3485 90
3490 59
3495 84
3500 38
3505 39
3510 75
3515 26
3520 28
3525 79
3530 44
3535 11
3540 34
3545 57
3550 95
3555 32
3560 67
3565 1
3570 63
3575 27
3580 33
3585 54
3590 59
3595 1
3600 18
3605 35
3610 43
3615 53
3620 13
3625 51
3630 99
3635 81
3640 89
3645 36
3650 33
3655 4
3660 64
3665 38
3670 24
3675 34
3680 45
3685 66
3690 56
3695 26
3700 60
3705 55
3710 95
3715 46
3720 63
3725 8
3730 61
3735 55
3740 44
3745 91
3750 47
3755 81
3760 29
3765 34
3770 1
3775 43
3780 11
3785 56
3790 59
3795 10
3800 97
3805 24
3810 25
3815 19
3820 80
3825 96
3830 3
3835 46
3840 94
3845 52
3850 98
3855 44
3860 47
3865 0
3870 7
3875 79
3880 75
3885 4
3890 26
3895 85
3900 23
3905 37
3910 10
3915 69
3920 50
3925 56
3930 28
3935 83
3940 23
3945 61
3950 7
3955 11
3960 44
3965 37
3970 60
3975 41
3980 82
3985 33
3990 44
3995 10
4000 83
4005 12
4010 42
4015 20
4020 50
4025 37
4030 14
4035 54
4040 64
4045 19
4050 60
4055 6
4060 99
4065 1
4070 29
4075 86
4080 79
4085 89
4090 47
4095 80
4100 99
4105 14
4110 84
4115 7
4120 18
4125 31
4130 86
4135 17
4140 58
4145 53
4150 17
4155 80
4160 6
4165 38
4170 52
4175 45
4180 56
4185 85
4190 2
4195 74
4200 88
4205 38
4210 79
4215 66
4220 50
4225 59
4230 35
4235 6
4240 13
4245 54
4250 10
4255 32
4260 86
4265 4
4270 46
4275 82
4280 43
4285 19
4290 76
4295 75
4300 19
4305 77
4310 80
4315 31
4320 20
4325 56
4330 28
4335 48
4340 18
4345 72
4350 39
4355 9
4360 70
4365 55
4370 29
4375 42
4380 6
4385 8
4390 3
4395 7
4400 26
4405 71
4410 76
4415 26
4420 26
4425 78
4430 4
4435 58
4440 8
4445 30
4450 51
4455 92
4460 80
4465 49
4470 28
4475 87
4480 38
4485 58
4490 46
4495 74
4500 14
4505 56
4510 15
4515 46
4520 60
4525 55
4530 33
4535 83
4540 16
4545 37
4550 3
4555 42
4560 77
4565 86
4570 28
4575 93
4580 66
4585 66
4590 86
4595 35
4600 95
4605 16
4610 92
4615 6
4620 3
4625 17
4630 34
4635 93
4640 4
4645 13
4650 44
4655 61
4660 26
4665 11
4670 50
4675 96
4680 2
4685 52
4690 46
4695 50
4700 53
4705 57
4710 10
4715 37
4720 77
4725 74
4730 54
4735 39
4740 42
4745 2
4750 54
4755 46
4760 94
4765 42
4770 96
4775 12
4780 54
4785 60
4790 24
4795 2
4800 6
4805 34
4810 69
4815 46
4820 57
4825 58
4830 83
4835 86
4840 68
4845 27
4850 66
4855 33
4860 94
4865 55
4870 7
4875 77
4880 93
4885 57
4890 60
4895 44
4900 11
4905 68
4910 60
4915 87
4920 87
4925 13
4930 24
4935 74
4940 29
4945 60
4950 73
4955 24
4960 45
4965 88
4970 68
4975 0
4980 36
4985 17
4990 76
4995 34
5000 70
5005 51
5010 10
5015 92
5020 53
5025 52
5030 14
5035 38
5040 28
5045 45
5050 37
5055 47
5060 65
5065 97
5070 2
5075 50
5080 5
5085 91
5090 88
5095 23
5100 58
5105 65
5110 20
5115 22
5120 57
5125 95
5130 40
5135 75
5140 58
5145 23
5150 16
5155 70
5160 72
5165 80
5170 38
5175 99
5180 19
5185 12
5190 17
5195 62
5200 95
5205 54
5210 56
5215 96
5220 29
5225 0
5230 15
5235 28
5240 82
5245 17
5250 7
5255 36
5260 57
5265 18
5270 73
5275 12
5280 30
5285 19
5290 55
5295 12
5300 97
5305 30
5310 29
5315 18
5320 77
5325 44
5330 26
5335 70
5340 72
5345 79
5350 59
5355 9
5360 81
5365 37
5370 20
5375 11
5380 15
5385 43
5390 80
5395 7
5400 91
5405 93
5410 67
5415 54
5420 72
5425 42
5430 46
5435 89
5440 63
5445 67
5450 6
5455 65
5460 20
5465 88
5470 28
5475 69
5480 59
5485 16
5490 66
5495 85
5500 1
5505 77
5510 18
5515 62
5520 93
5525 35
5530 49
5535 53
5540 39
5545 91
5550 64
5555 55
5560 51
5565 77
5570 81
5575 89
5580 46
5585 94
5590 75
5595 4
5600 95
5605 69
5610 29
5615 99
5620 66
5625 58
5630 49
5635 46
5640 16
5645 77
5650 16
5655 37
5660 66
5665 21
5670 69
5675 51
5680 5
5685 30
5690 43
5695 29
5700 61
5705 1
5710 70
5715 18
5720 24
5725 20
5730 47
5735 0
5740 25
5745 50
5750 4
5755 78
5760 51
5765 47
5770 43
5775 50
5780 58
5785 69
5790 12
5795 47
5800 49
5805 36
5810 51
5815 54
5820 20
5825 70
5830 7
5835 89
5840 93
5845 53
5850 8
5855 23
5860 1
5865 62
5870 26
5875 69
5880 10
5885 1
5890 42
5895 12
5900 11
5905 19
5910 91
5915 30
5920 36
5925 52
5930 89
5935 96
5940 96
5945 99
5950 58
5955 22
5960 74
5965 71
5970 66
5975 80
5980 35
5985 40
5990 86
5995 16
6000 85
6005 51
6010 40
6015 53
6020 54
6025 72
6030 72
6035 21
6040 20
6045 10
6050 9
6055 75
6060 27
6065 9
6070 99
6075 25
6080 38
6085 51
6090 63
6095 57
6100 34
6105 3
6110 38
6115 63
6120 3
6125 26
6130 58
6135 92
6140 64
6145 63
6150 7
6155 28
6160 33
6165 59
6170 11
6175 95
6180 31
6185 96
6190 58
6195 43
6200 70
6205 60
6210 97
6215 20
6220 1
6225 38
6230 23
6235 28
6240 8
6245 46
6250 79
6255 47
6260 37
6265 51
6270 7
6275 9
6280 35
6285 91
6290 23
6295 97
6300 49
6305 65
6310 74
6315 56
6320 1
6325 97
6330 38
6335 8
6340 3
6345 85
6350 98
6355 6
6360 74
6365 53
6370 67
6375 69
6380 46
6385 24
6390 79
6395 25
6400 36
6405 15
6410 9
6415 57
6420 60
6425 31
6430 25
6435 83
6440 43
6445 32
6450 97
6455 63
6460 99
6465 51
6470 31
6475 87
6480 70
6485 68
6490 91
6495 92
6500 58
6505 97
6510 91
6515 99
6520 53
6525 28
6530 45
6535 50
6540 19
6545 80
6550 9
6555 94
6560 3
6565 25
6570 93
6575 12
6580 32
6585 15
6590 44
6595 14
6600 9
6605 75
6610 31
6615 71
6620 4
6625 57
6630 72
6635 17
6640 63
6645 53
6650 81
6655 8
6660 74
6665 28
6670 22
6675 57
6680 66
6685 41
6690 24
6695 38
6700 83
6705 72
6710 42
6715 91
6720 18
6725 48
6730 45
6735 89
6740 47
6745 15
6750 85
6755 7
6760 75
6765 10
6770 12
6775 86
6780 41
6785 80
6790 49
6795 97
6800 4
6805 84
6810 47
6815 17
6820 73
6825 90
6830 77
6835 1
6840 3
6845 22
6850 85
6855 77
6860 70
6865 85
6870 58
6875 68
6880 61
6885 57
6890 46
6895 78
6900 66
6905 69
6910 24
6915 7
6920 31
6925 4
6930 65
6935 7
6940 78
6945 60
6950 54
6955 11
6960 26
6965 69
6970 95
6975 6
6980 49
6985 0
6990 14
6995 42
7000 62
7005 60
7010 60
7015 38
7020 0
7025 4
7030 31
7035 27
7040 11
7045 29
7050 2
7055 8
7060 60
7065 10
7070 64
7075 53
7080 87
7085 78
7090 37
7095 44
7100 58
7105 37
7110 46
7115 0
7120 79
7125 29
7130 9
7135 20
7140 58
7145 95
7150 20
7155 48
7160 91
7165 9
7170 42
7175 93
7180 42
7185 45
7190 81
7195 15
7200 99
7205 12
7210 14
7215 70
7220 23
7225 33
7230 95
7235 82
7240 68
7245 89
7250 89
7255 27
7260 44
7265 34
7270 74
7275 2
7280 39
7285 83
7290 62
7295 13
7300 37
7305 52
7310 60
7315 50
7320 33
7325 3
7330 4
7335 78
7340 71
7345 68
7350 84
7355 19
7360 88
7365 7
7370 94
7375 37
7380 60
7385 58
7390 13
7395 46
7400 46
7405 53
7410 44
7415 67
7420 9
7425 19
7430 23
7435 6
7440 58
7445 41
7450 18
7455 28
7460 73
7465 65
7470 53
7475 24
7480 33
7485 31
7490 49
7495 10
7500 36
7505 58
7510 47
7515 93
7520 54
7525 24
7530 45
7535 25
7540 51
7545 21
7550 9
7555 94
7560 11
7565 53
7570 42
7575 89
7580 7
7585 77
7590 53
7595 92
7600 40
7605 15
7610 45
7615 5
7620 10
7625 15
7630 0
7635 94
7640 32
7645 11
7650 94
7655 95
7660 20
7665 20
7670 86
7675 49
7680 84
7685 37
7690 85
7695 49
7700 80
7705 91
7710 47
7715 26
7720 11
7725 10
7730 31
7735 87
7740 55
7745 88
7750 78
7755 69
7760 28
7765 97
7770 84
7775 0
7780 60
7785 18
7790 19
7795 96
7800 60
7805 6
7810 10
7815 14
7820 92
7825 30
7830 81
7835 76
7840 4
7845 2
7850 19
7855 36
7860 44
7865 73
7870 22
7875 51
7880 21
7885 64
7890 71
7895 99
7900 87
7905 14
7910 1
7915 30
7920 96
7925 37
7930 3
7935 8
7940 22
7945 83
7950 15
7955 88
7960 39
7965 94
7970 21
7975 62
7980 0
7985 68
7990 43
7995 29
8000 80
8005 15
8010 72
8015 46
8020 63
8025 45
8030 89
8035 96
8040 35
8045 10
8050 65
8055 83
8060 34
8065 15
8070 9
8075 64
8080 69
8085 24
8090 44
8095 1
8100 60
8105 58
8110 31
8115 23
8120 21
8125 6
8130 84
8135 10
8140 0
8145 0
8150 35
8155 42
8160 32
8165 29
8170 31
8175 22
8180 49
8185 81
8190 15
8195 93
8200 68
8205 55
8210 91
8215 56
8220 71
8225 45
8230 95
8235 89
8240 5
8245 86
8250 85
8255 64
8260 80
8265 64
8270 42
8275 37
8280 2
8285 26
8290 67
8295 7
8300 26
8305 92
8310 29
8315 46
8320 77
8325 4
8330 26
8335 28
8340 31
8345 4
8350 87
8355 52
8360 4
8365 84
8370 2
8375 29
8380 63
8385 98
8390 76
8395 54
8400 18
8405 5
8410 80
8415 23
8420 49
8425 2
8430 71
8435 57
8440 38
8445 31
8450 13
8455 91
8460 63
8465 5
8470 16
8475 73
8480 84
8485 73
8490 70
8495 8
8500 39
8505 53
8510 51
8515 93
8520 59
8525 9
8530 19
8535 56
8540 67
8545 32
8550 52
8555 45
8560 70
8565 6
8570 76
8575 79
8580 72
8585 74
8590 47
8595 77
8600 47
8605 70
8610 38
8615 17
8620 12
8625 40
8630 26
8635 5
8640 0
8645 84
8650 14
8655 81
8660 38
8665 88
8670 24
8675 97
8680 57
8685 67
8690 22
8695 83
8700 82
8705 22
8710 1
8715 37
8720 92
8725 38
8730 59
8735 27
8740 67
8745 28
8750 35
8755 92
8760 64
8765 43
8770 48
8775 41
8780 62
8785 41
8790 80
8795 82
8800 83
8805 98
8810 60
8815 6
8820 24
8825 91
8830 64
8835 89
8840 36
8845 76
8850 96
8855 79
8860 47
8865 52
8870 77
8875 31
8880 32
8885 56
8890 27
8895 65
8900 46
8905 11
8910 50
8915 43
8920 29
8925 39
8930 60
8935 68
8940 9
8945 58
8950 53
8955 27
8960 29
8965 4
8970 19
8975 60
8980 79
8985 76
8990 42
8995 63
9000 17
9005 51
9010 97
9015 2
9020 22
9025 36
9030 23
9035 70
9040 33
9045 40
9050 60
9055 38
9060 39
9065 16
9070 47
9075 27
9080 99
9085 73
9090 68
9095 93
9100 11
9105 23
9110 8
9115 99
9120 64
9125 54
9130 87
9135 38
9140 34
9145 23
9150 15
9155 79
9160 67
9165 28
9170 63
9175 98
9180 67
9185 95
9190 58
9195 84
9200 18
9205 72
9210 84
9215 46
9220 74
9225 66
9230 97
9235 24
9240 18
9245 13
9250 49
9255 70
9260 95
9265 50
9270 81
9275 4
9280 27
9285 36
9290 69
9295 14
9300 92
9305 20
9310 80
9315 92
9320 84
9325 71
9330 3
9335 96
9340 49
9345 72
9350 45
9355 42
9360 83
9365 57
9370 5
9375 59
9380 24
9385 31
9390 10
9395 10
9400 27
9405 72
9410 69
9415 64
9420 7
9425 32
9430 95
9435 75
9440 8
9445 68
9450 64
9455 45
9460 79
9465 50
9470 98
9475 59
9480 4
9485 40
9490 19
9495 61
9500 39
9505 18
9510 48
9515 67
9520 80
9525 46
9530 74
9535 97
9540 39
9545 14
9550 81
9555 18
9560 98
9565 90
9570 58
9575 13
9580 85
9585 76
9590 10
9595 47
9600 56
9605 86
9610 53
9615 82
9620 44
9625 70
9630 70
9635 48
9640 98
9645 79
9650 16
9655 94
9660 89
9665 85
9670 23
9675 32
9680 76
9685 25
9690 53
9695 6
9700 99
9705 65
9710 74
9715 24
9720 9
9725 35
9730 43
9735 67
9740 87
9745 64
9750 18
9755 57
9760 39
9765 98
9770 19
9775 92
9780 43
9785 79
9790 89
9795 15
9800 24
9805 27
9810 66
9815 27
9820 50
9825 63
9830 90
9835 15
9840 62
9845 90
9850 51
9855 98
9860 27
9865 98
9870 7
9875 1
9880 94
9885 3
9890 23
9895 41
9900 73
9905 37
9910 91
9915 77
9920 47
9925 67
9930 34
9935 91
9940 27
9945 25
9950 52
9955 80
9960 90
9965 99
9970 82
9975 42
9980 46
9985 85
9990 73
9995 73
10000 27
10005 38
10010 53
10015 26
10020 80
10025 67
10030 75
10035 47
10040 17
10045 22
10050 72
10055 13
10060 52
10065 25
10070 23
10075 37
10080 61
10085 29
10090 84
10095 53
10100 65
10105 20
10110 51
10115 47
10120 7
10125 67
10130 68
10135 9
10140 27
10145 43
10150 82
10155 23
10160 56
10165 36
10170 40
10175 97
10180 38
10185 26
10190 60
10195 66
10200 10
10205 20
10210 8
10215 48
10220 96
10225 77
10230 27
10235 60
10240 53
10245 44
10250 89
10255 50
10260 3
10265 96
10270 80
10275 61
10280 8
10285 17
10290 67
10295 91
10300 34
10305 46
10310 84
10315 51
10320 35
10325 77
10330 26
10335 71
10340 86
10345 36
10350 83
10355 94
10360 36
10365 69
10370 42
10375 3
10380 77
10385 95
10390 13
10395 89
10400 66
10405 85
10410 57
10415 49
10420 62
10425 91
10430 10
10435 75
10440 29
10445 42
10450 33
10455 84
10460 46
10465 50
10470 51
10475 34
10480 75
10485 4
10490 41
10495 76
10500 98
10505 85
10510 89
10515 40
10520 13
10525 2
10530 59
10535 16
10540 18
10545 30
10550 93
10555 25
10560 64
10565 6
10570 62
10575 46
10580 0
10585 82
10590 20
10595 43
10600 46
10605 61
10610 78
10615 39
10620 97
10625 52
10630 42
10635 90
10640 0
10645 67
10650 18
10655 51
10660 5
10665 67
10670 79
10675 58
10680 3
10685 28
10690 98
10695 35
10700 71
10705 50
10710 50
10715 87
10720 15
10725 98
10730 32
10735 19
10740 92
10745 98
10750 20
10755 25
10760 62
10765 92
10770 49
10775 34
10780 48
10785 37
10790 38
10795 52
10800 46
10805 42
10810 87
10815 43
10820 73
10825 13
10830 16
10835 91
10840 16
10845 91
10850 50
10855 16
10860 40
10865 24
10870 54
10875 98
10880 2
10885 2
10890 18
10895 94
10900 97
10905 78
10910 65
10915 62
10920 25
10925 97
10930 62
10935 73
10940 67
10945 18
10950 30
10955 25
10960 97
10965 69
10970 90
10975 32
10980 60
10985 40
10990 17
10995 47
11000 5
11005 44
11010 61
11015 8
11020 90
11025 69
11030 70
11035 65
11040 10
11045 22
11050 99
11055 87
11060 16
11065 47
11070 3
11075 56
11080 55
11085 15
11090 61
11095 59
11100 39
11105 72
11110 35
11115 20
11120 1
11125 20
11130 57
11135 72
11140 62
11145 40
11150 16
11155 84
11160 92
11165 2
11170 4
11175 59
11180 87
11185 54
11190 83
11195 78
11200 67
11205 48
11210 61
11215 70
11220 74
11225 29
11230 39
11235 62
11240 15
11245 59
11250 4
11255 42
11260 97
11265 5
11270 38
11275 96
11280 99
11285 57
11290 94
11295 73
11300 33
11305 96
11310 44
11315 71
11320 79
11325 77
11330 23
11335 4
11340 76
11345 24
11350 76
11355 3
11360 0
11365 80
11370 66
11375 80
11380 56
11385 80
11390 19
11395 88
11400 95
11405 0
11410 92
11415 69
11420 92
11425 0
11430 89
11435 57
11440 15
11445 61
11450 64
11455 62
11460 50
11465 25
11470 6
11475 78
11480 16
11485 45
11490 20
11495 17
11500 14
11505 38
11510 92
11515 77
11520 25
11525 55
11530 4
11535 94
11540 59
11545 36
11550 70
11555 57
11560 1
11565 94
11570 53
11575 26
11580 15
11585 7
11590 61
11595 44
11600 18
11605 46
11610 96
11615 64
11620 29
11625 2
11630 4
11635 15
11640 48
11645 51
11650 63
11655 60
11660 45
11665 10
11670 85
11675 94
11680 46
11685 86
11690 66
11695 99
11700 71
11705 6
11710 7
11715 33
11720 72
11725 35
11730 95
11735 71
11740 20
11745 6
11750 22
11755 0
11760 38
11765 5
11770 69
11775 21
11780 9
11785 89
11790 64
11795 37
11800 75
11805 93
11810 99
11815 92
11820 33
11825 3
11830 2
11835 74
11840 7
11845 66
11850 2
11855 88
11860 28
11865 35
11870 38
11875 64
11880 41
11885 50
11890 58
11895 25
11900 47
11905 12
11910 21
11915 50
11920 81
11925 48
11930 84
11935 2
11940 11
11945 39
11950 7
11955 2
11960 89
11965 68
11970 34
11975 68
11980 27
11985 63
11990 48
11995 93
12000 63
12005 13
12010 79
12015 45
12020 64
12025 44
12030 75
12035 27
12040 12
12045 90
12050 86
12055 50
12060 33
12065 56
12070 85
12075 51
12080 4
12085 32
12090 86
12095 4
12100 3
12105 86
12110 8
12115 9
12120 7
12125 86
12130 16
12135 28
12140 84
12145 34
12150 23
12155 65
12160 21
12165 27
12170 76
12175 12
12180 0
12185 70
12190 47
12195 46
12200 6
12205 69
12210 33
12215 35
12220 83
12225 11
12230 74
12235 77
12240 3
12245 88
12250 91
12255 12
12260 41
12265 39
12270 15
12275 76
12280 9
12285 81
12290 26
12295 75
12300 73
12305 15
12310 62
12315 7
12320 85
12325 23
12330 82
12335 66
12340 45
12345 67
12350 78
12355 87
12360 59
12365 84
12370 45
12375 24
12380 38
12385 61
12390 70
12395 21
12400 49
12405 97
12410 30
12415 89
12420 66
12425 27
12430 50
12435 96
12440 45
12445 25
12450 79
12455 74
12460 13
12465 96
12470 27
12475 61
12480 70
12485 40
12490 32
12495 0
12500 7
12505 36
12510 74
12515 31
12520 93
12525 5
12530 42
12535 44
12540 24
12545 11
12550 57
12555 39
12560 88
12565 91
12570 38
12575 43
12580 85
12585 20
12590 38
12595 38
12600 97
12605 27
12610 4
12615 10
12620 89
12625 69
12630 15
12635 50
12640 61
12645 68
12650 32
12655 72
12660 33
12665 76
12670 33
12675 1
12680 86
12685 82
12690 34
12695 17
12700 38
12705 62
12710 78
12715 78
12720 0
12725 86
12730 80
12735 67
12740 19
12745 75
12750 24
12755 65
12760 76
12765 13
12770 35
12775 35
12780 41
12785 31
12790 65
12795 62
12800 22
12805 48
12810 9
12815 23
12820 58
12825 39
12830 19
12835 37
12840 26
12845 22
12850 93
12855 25
12860 38
12865 57
12870 12
12875 4
12880 71
12885 46
12890 43
12895 39
12900 53
12905 64
12910 91
12915 4
12920 74
12925 22
12930 84
12935 66
12940 62
12945 71
12950 11
12955 2
12960 8
12965 73
12970 25
12975 70
12980 0
12985 37
12990 68
12995 22
13000 73
13005 63
13010 69
13015 81
13020 8
13025 63
13030 45
13035 83
13040 71
13045 51
13050 68
13055 23
13060 83
13065 41
13070 0
13075 39
13080 94
13085 84
13090 31
13095 96
13100 50
13105 58
13110 72
13115 50
13120 68
13125 0
13130 16
13135 29
13140 52
13145 73
13150 74
13155 13
13160 8
13165 34
13170 72
13175 31
13180 77
13185 4
13190 47
13195 30
13200 4
13205 38
13210 54
13215 40
13220 33
13225 37
13230 91
13235 41
13240 25
13245 72
13250 32
13255 6
13260 52
13265 96
13270 44
13275 86
13280 68
13285 28
13290 45
13295 28
13300 1
13305 92
13310 18
13315 34
13320 28
13325 53
13330 72
13335 92
13340 49
13345 72
13350 42
13355 13
13360 27
13365 37
13370 83
13375 51
13380 26
13385 54
13390 25
13395 16
13400 99
13405 7
13410 98
13415 71
13420 28
13425 54
13430 93
13435 67
13440 3
13445 51
13450 39
13455 16
13460 80
13465 47
13470 53
13475 78
13480 95
13485 8
13490 11
13495 5
13500 33
13505 66
13510 74
13515 18
13520 92
13525 52
13530 9
13535 79
13540 24
13545 52
13550 27
13555 1
13560 84
13565 72
13570 39
13575 65
13580 5
13585 0
13590 69
13595 67
13600 49
13605 50
13610 3
13615 91
13620 82
13625 33
13630 88
13635 92
13640 51
13645 32
13650 89
13655 39
13660 69
13665 52
13670 10
13675 45
13680 17
13685 19
13690 34
13695 88
13700 32
13705 46
13710 31
13715 75
13720 47
13725 94
13730 76
13735 4
13740 30
13745 72
13750 52
13755 17
13760 21
13765 7
13770 26
13775 12
13780 99
13785 78
13790 42
13795 42
13800 64
13805 95
13810 80
13815 36
13820 18
13825 85
13830 86
13835 86
13840 56
13845 30
13850 49
13855 93
13860 11
13865 86
13870 91
13875 28
13880 39
13885 54
13890 28
13895 40
13900 66
13905 6
13910 31
13915 65
13920 64
13925 6
13930 57
13935 66
13940 61
13945 86
13950 85
13955 22
13960 43
13965 34
13970 79
13975 95
13980 23
13985 10
13990 98
13995 14
14000 41
14005 44
14010 65
14015 71
14020 43
14025 78
14030 60
14035 2
14040 2
14045 11
14050 75
14055 65
14060 35
14065 68
14070 29
14075 86
14080 94
14085 13
14090 42
14095 58
14100 3
14105 76
14110 33
14115 19
14120 72
14125 67
14130 55
14135 8
14140 75
14145 72
14150 59
14155 31
14160 31
14165 29
14170 96
14175 75
14180 97
14185 68
14190 97
14195 85
14200 47
14205 60
14210 88
14215 15
14220 65
14225 65
14230 52
14235 24
14240 19
14245 43
14250 93
14255 73
14260 83
14265 8
14270 21
14275 41
14280 40
14285 73
14290 97
14295 91
14300 75
14305 61
14310 79
14315 64
14320 94
14325 69
14330 63
14335 27
14340 81
14345 18
14350 79
14355 60
14360 20
14365 65
14370 51
14375 83
14380 66
14385 70
14390 68
14395 6
14400 1
14405 0
14410 74
14415 8
14420 12
14425 59
14430 41
14435 98
14440 5
14445 10
14450 57
14455 69
14460 12
14465 13
14470 87
14475 30
14480 15
14485 52
14490 22
14495 58
14500 27
14505 11
14510 72
14515 28
14520 36
14525 57
14530 31
14535 71
14540 49
14545 85
14550 36
14555 5
14560 91
14565 20
14570 6
14575 8
14580 89
14585 64
14590 91
14595 61
14600 44
14605 22
14610 65
14615 84
14620 46
14625 85
14630 84
14635 10
14640 15
14645 71
14650 39
14655 94
14660 53
14665 86
14670 27
14675 8
14680 43
14685 10
14690 85
14695 65
14700 92
14705 98
14710 65
14715 92
14720 38
14725 20
14730 19
14735 74
14740 31
14745 3
14750 73
14755 51
14760 42
14765 23
14770 6
14775 41
14780 31
14785 14
14790 19
14795 70
14800 88
14805 65
14810 44
14815 34
14820 18
14825 26
14830 20
14835 39
14840 96
14845 28
14850 54
14855 61
14860 4
14865 23
14870 85
14875 30
14880 32
14885 57
14890 83
14895 42
14900 37
14905 70
14910 64
14915 11
14920 88
14925 1
14930 32
14935 24
14940 90
14945 52
14950 82
14955 20
14960 80
14965 91
14970 9
14975 96
14980 1
14985 80
14990 20
14995 9
15000 20
15005 93
15010 85
15015 89
15020 28
15025 40
15030 7
15035 13
15040 15
15045 97
15050 52
15055 71
15060 23
15065 87
15070 24
15075 51
15080 17
15085 23
15090 87
15095 53
15100 76
15105 87
15110 10
15115 26
15120 48
15125 16
15130 25
15135 81
15140 64
15145 47
15150 50
15155 33
15160 89
15165 8
15170 31
15175 81
15180 4
15185 11
15190 12
15195 77
15200 1
15205 87
15210 6
15215 86
15220 99
15225 36
15230 96
15235 1
15240 73
15245 0
15250 39
15255 62
15260 12
15265 47
15270 99
15275 67
15280 63
15285 69
15290 14
15295 13
15300 67
15305 74
15310 70
15315 7
15320 45
15325 40
15330 77
15335 71
15340 36
15345 86
15350 97
15355 22
15360 97
15365 32
15370 62
15375 89
15380 95
15385 84
15390 5
15395 83
15400 70
15405 57
15410 54
15415 77
15420 22
15425 91
15430 51
15435 19
15440 45
15445 11
15450 32
15455 90
15460 97
15465 72
15470 64
15475 79
15480 11
15485 37
15490 76
15495 21
15500 53
15505 21
15510 49
15515 37
15520 18
15525 6
15530 67
15535 90
15540 24
15545 15
15550 75
15555 24
15560 22
15565 76
15570 11
15575 6
15580 0
15585 99
15590 20
15595 28
15600 70
15605 26
15610 89
15615 57
15620 54
15625 45
15630 65
15635 26
15640 12
15645 5
15650 78
15655 79
15660 34
15665 40
15670 38
15675 98
15680 22
15685 52
15690 60
15695 70
15700 96
15705 66
15710 56
15715 40
15720 94
15725 29
15730 57
15735 24
15740 83
15745 6
15750 72
15755 1
15760 71
15765 22
15770 59
15775 38
15780 59
15785 84
15790 43
15795 48
15800 58
15805 49
15810 54
15815 53
15820 88
15825 51
15830 77
15835 90
15840 14
15845 17
15850 52
15855 67
15860 80
15865 47
15870 8
15875 9
15880 80
15885 77
15890 29
15895 2
15900 67
15905 54
15910 77
15915 41
15920 20
15925 23
15930 90
15935 82
15940 81
15945 84
15950 38
15955 53
15960 32
15965 27
15970 22
15975 93
15980 12
15985 59
15990 39
15995 71
16000 20
16005 92
16010 5
16015 92
16020 52
16025 47
16030 85
16035 46
16040 60
16045 60
16050 8
16055 12
16060 79
16065 78
16070 12
16075 94
16080 99
16085 22
16090 41
16095 41
16100 7
16105 25
16110 3
16115 67
16120 99
16125 53
16130 43
16135 35
16140 33
16145 88
16150 14
16155 86
16160 92
16165 41
16170 25
16175 0
16180 14
16185 4
16190 11
16195 53
16200 38
16205 25
16210 28
16215 77
16220 52
16225 64
16230 61
16235 40
16240 77
16245 63
16250 41
16255 18
16260 71
16265 0
16270 23
16275 95
16280 94
16285 91
16290 70
16295 64
16300 89
16305 38
16310 93
16315 51
16320 1
16325 10
16330 19
16335 36
16340 54
16345 79
16350 97
16355 65
16360 57
16365 69
16370 64
16375 92
16380 19
16385 6
16390 96
16395 68
16400 84
16405 90
16410 0
16415 91
16420 13
16425 91
16430 19
16435 20
16440 89
16445 16
16450 71
16455 93
16460 22
16465 81
16470 50
16475 64
16480 74
16485 17
16490 81
16495 74
16500 26
16505 2
16510 0
16515 29
16520 57
16525 2
16530 55
16535 88
16540 7
16545 60
16550 16
16555 34
16560 11
16565 38
16570 66
16575 31
16580 25
16585 71
16590 88
16595 65
16600 72
16605 30
16610 34
16615 58
16620 3
16625 50
16630 16
16635 75
16640 43
16645 54
16650 82
16655 5
16660 73
16665 92
16670 37
16675 67
16680 36
16685 2
16690 53
16695 45
16700 94
16705 65
16710 68
16715 41
16720 23
16725 80
16730 94
16735 40
16740 45
16745 92
16750 51
16755 42
16760 50
16765 95
16770 11
16775 35
16780 71
16785 88
16790 61
16795 85
16800 66
16805 34
16810 46
16815 75
16820 18
16825 8
16830 17
16835 28
16840 99
16845 81
16850 22
16855 17
16860 31
16865 84
16870 65
16875 3
16880 24
16885 24
16890 47
16895 86
16900 95
16905 85
16910 10
16915 74
16920 92
16925 72
16930 1
16935 2
16940 63
16945 97
16950 89
16955 5
16960 31
16965 13
16970 26
16975 90
16980 12
16985 13
16990 70
16995 34
17000 38
17005 56
17010 5
17015 68
17020 33
17025 14
17030 65
17035 11
17040 76
17045 61
17050 51
17055 84
17060 3
17065 24
17070 19
17075 34
17080 39
17085 37
17090 33
17095 80
17100 91
17105 97
17110 6
17115 3
17120 99
17125 26
17130 70
17135 46
17140 20
17145 10
17150 4
17155 39
17160 72
17165 60
17170 25
17175 99
17180 44
17185 30
17190 16
17195 29
17200 84
17205 82
17210 9
17215 67
17220 73
17225 80
17230 78
17235 36
17240 88
17245 13
17250 46
17255 25
17260 3
17265 25
17270 84
17275 75
17280 12
17285 58
17290 7
17295 93
17300 31
17305 92
17310 71
17315 55
17320 4
17325 43
17330 23
17335 41
17340 22
17345 40
17350 19
17355 47
17360 8
17365 9
17370 71
17375 73
17380 92
17385 56
17390 4
17395 24
17400 83
17405 25
17410 77
17415 45
17420 13
17425 8
17430 8
17435 74
17440 68
17445 99
17450 97
17455 7
17460 22
17465 65
17470 44
17475 62
17480 64
17485 25
17490 86
17495 74
17500 76
17505 63
17510 84
17515 45
17520 57
17525 95
17530 54
17535 79
17540 80
17545 57
17550 13
17555 32
17560 39
17565 63
17570 49
17575 63
17580 64
17585 60
17590 26
17595 82
17600 79
17605 14
17610 47
17615 99
17620 89
17625 28
17630 61
17635 56
17640 70
17645 9
17650 98
17655 13
17660 23
17665 6
17670 9
17675 45
17680 57
17685 76
17690 8
17695 81
17700 4
17705 43
17710 29
17715 51
17720 76
17725 2
17730 43
17735 15
17740 32
17745 19
17750 59
17755 83
17760 59
17765 84
17770 11
17775 29
17780 51
17785 58
17790 5
17795 64
17800 96
17805 46
17810 32
17815 25
17820 35
17825 21
17830 31
17835 23
17840 77
17845 51
17850 29
17855 16
17860 7
17865 83
17870 97
17875 24
17880 18
17885 71
17890 2
17895 43
17900 61
17905 67
17910 97
17915 61
17920 39
17925 44
17930 61
17935 32
17940 46
17945 40
17950 81
17955 61
17960 31
17965 71
17970 9
17975 81
17980 8
17985 25
17990 3
17995 75
18000 89
18005 30
18010 9
18015 89
18020 3
18025 96
18030 46
18035 18
18040 88
18045 60
18050 27
18055 1
18060 50
18065 27
18070 89
18075 36
18080 25
18085 0
18090 41
18095 97
18100 58
18105 55
18110 3
18115 81
18120 12
18125 5
18130 41
18135 80
18140 47
18145 97
18150 6
18155 74
18160 62
18165 49
18170 80
18175 22
18180 97
18185 3
18190 8
18195 2
18200 96
18205 69
18210 19
18215 0
18220 38
18225 26
18230 49
18235 84
18240 36
18245 93
18250 57
18255 34
18260 31
18265 5
18270 84
18275 33
18280 57
18285 51
18290 46
18295 38
18300 28
18305 23
18310 11
18315 33
18320 28
18325 4
18330 19
18335 35
18340 63
18345 50
18350 44
18355 47
18360 4
18365 27
18370 82
18375 47
18380 79
18385 29
18390 72
18395 80
18400 1
18405 20
18410 18
18415 75
18420 52
18425 29
18430 91
18435 99
18440 1
18445 99
18450 78
18455 71
18460 49
18465 51
18470 87
18475 37
18480 22
18485 48
18490 96
18495 82
18500 52
18505 56
18510 63
18515 84
18520 73
18525 66
18530 8
18535 78
18540 11
18545 82
18550 68
18555 70
18560 61
18565 7
18570 38
18575 2
18580 70
18585 33
18590 15
18595 19
18600 85
18605 90
18610 57
18615 37
18620 27
18625 20
18630 52
18635 97
18640 57
18645 30
18650 18
18655 2
18660 86
18665 87
18670 91
18675 21
18680 47
18685 76
18690 88
18695 46
18700 31
18705 63
18710 62
18715 40
18720 8
18725 1
18730 77
18735 66
18740 41
18745 18
18750 68
18755 29
18760 91
18765 10
18770 70
18775 77
18780 61
18785 3
18790 45
18795 96
18800 39
18805 91
18810 54
18815 68
18820 70
18825 1
18830 86
18835 72
18840 36
18845 65
18850 47
18855 7
18860 94
18865 14
18870 7
18875 98
18880 90
18885 30
18890 91
18895 16
18900 77
18905 40
18910 38
18915 75
18920 14
18925 53
18930 66
18935 33
18940 0
18945 21
18950 36
18955 41
18960 27
18965 95
18970 19
18975 20
18980 0
18985 37
18990 97
18995 2
19000 11
19005 23
19010 84
19015 90
19020 55
19025 32
19030 76
19035 31
19040 73
19045 51
19050 29
19055 83
19060 59
19065 95
19070 6
19075 18
19080 72
19085 32
19090 65
19095 69
19100 99
19105 49
19110 8
19115 55
19120 86
19125 23
19130 86
19135 24
19140 38
19145 13
19150 56
19155 77
19160 1
19165 63
19170 2
19175 77
19180 20
19185 59
19190 74
19195 42
19200 15
19205 21
19210 44
19215 75
19220 95
19225 84
19230 46
19235 92
19240 94
19245 23
19250 94
19255 12
19260 74
19265 41
19270 19
19275 44
19280 41
19285 98
19290 91
19295 7
19300 62
19305 66
19310 95
19315 50
19320 99
19325 92
19330 5
19335 62
19340 72
19345 12
19350 73
19355 74
19360 36
19365 55
19370 26
19375 77
19380 92
19385 17
19390 44
19395 20
19400 67
19405 80
19410 27
19415 32
19420 38
19425 14
19430 8
19435 56
19440 14
19445 21
19450 36
19455 22
19460 44
19465 49
19470 41
19475 68
19480 66
19485 5
19490 87
19495 42
19500 30
19505 24
19510 2
19515 48
19520 21
19525 96
19530 53
19535 82
19540 56
19545 16
19550 33
19555 74
19560 72
19565 6
19570 8
19575 17
19580 50
19585 65
19590 69
19595 81
19600 70
19605 78
19610 77
19615 61
19620 30
19625 29
19630 38
19635 25
19640 22
19645 67
19650 69
19655 3
19660 13
19665 54
19670 90
19675 3
19680 83
19685 0
19690 89
19695 76
19700 17
19705 56
19710 30
19715 71
19720 48
19725 20
19730 52
19735 0
19740 27
19745 56
19750 33
19755 18
19760 83
19765 96
19770 31
19775 20
19780 46
19785 34
19790 23
19795 34
19800 91
19805 59
19810 46
19815 5
19820 51
19825 26
19830 34
19835 22
19840 31
19845 97
19850 49
19855 95
19860 52
19865 50
19870 64
19875 91
19880 55
19885 3
19890 93
19895 99
19900 29
19905 57
19910 55
19915 74
19920 0
19925 16
19930 96
19935 86
19940 73
19945 79
19950 38
19955 42
19960 54
19965 16
19970 70
19975 38
19980 44
19985 90
19990 85
19995 10
20000 60
20005 38
20010 37
20015 63
20020 64
20025 6
20030 36
20035 5
20040 21
20045 76
20050 69
20055 35
20060 23
20065 48
20070 31
20075 72
20080 93
20085 85
20090 39
20095 28
20100 35
20105 94
20110 53
20115 17
20120 3
20125 49
20130 77
20135 85
20140 13
20145 96
20150 48
20155 28
20160 24
20165 80
20170 55
20175 67
20180 73
20185 62
20190 74
20195 87
20200 47
20205 78
20210 4
20215 99
20220 59
20225 20
20230 54
20235 6
20240 61
20245 58
20250 29
20255 9
20260 41
20265 81
20270 46
20275 40
20280 64
20285 65
20290 42
20295 45
20300 31
20305 71
20310 45
20315 78
20320 71
20325 2
20330 6
20335 30
20340 55
20345 23
20350 5
20355 4
20360 46
20365 40
20370 37
20375 43
20380 84
20385 66
20390 44
20395 82
20400 40
20405 47
20410 65
20415 34
20420 72
20425 87
20430 32
20435 27
20440 5
20445 81
20450 98
20455 89
20460 75
20465 3
20470 4
20475 26
20480 96
20485 72
20490 84
20495 35
20500 4
20505 92
20510 7
20515 44
20520 46
20525 0
20530 52
20535 87
20540 23
20545 1
20550 59
20555 86
20560 4
20565 28
20570 98
20575 95
20580 23
20585 13
20590 41
20595 16
20600 19
20605 1
20610 99
20615 44
20620 36
20625 82
20630 60
20635 15
20640 74
20645 19
20650 89
20655 41
20660 62
20665 17
20670 98
20675 50
20680 27
20685 3
20690 31
20695 23
20700 17
20705 84
20710 87
20715 60
20720 11
20725 87
20730 86
20735 33
20740 91
20745 51
20750 31
20755 0
20760 11
20765 64
20770 2
20775 15
20780 37
20785 77
20790 53
20795 40
20800 9
20805 3
20810 61
20815 47
20820 30
20825 8
20830 84
20835 32
20840 88
20845 55
20850 48
20855 50
20860 85
20865 98
20870 98
20875 49
20880 38
20885 3
20890 78
20895 58
20900 46
20905 22
20910 89
20915 12
20920 51
20925 63
20930 61
20935 86
20940 15
20945 1
20950 88
20955 86
20960 49
20965 39
20970 55
20975 29
20980 68
20985 56
20990 30
20995 78
21000 54
21005 60
21010 97
21015 2
21020 73
21025 8
21030 56
21035 59
21040 17
21045 59
21050 49
21055 33
21060 33
21065 43
21070 74
21075 79
21080 20
21085 63
21090 34
21095 94
21100 31
21105 78
21110 61
21115 81
21120 77
21125 56
21130 0
21135 77
21140 42
21145 79
21150 66
21155 56
21160 10
21165 29
21170 17
21175 94
21180 73
21185 10
21190 18
21195 49
21200 60
21205 38
21210 57
21215 94
21220 94
21225 30
21230 33
21235 72
21240 62
21245 96
21250 62
21255 89
21260 9
21265 29
21270 36
21275 5
21280 42
21285 3
21290 65
21295 71
21300 3
21305 77
21310 51
21315 33
21320 55
21325 82
21330 65
21335 73
21340 71
21345 79
21350 56
21355 4
21360 61
21365 37
21370 78
21375 78
21380 67
21385 31
21390 93
21395 65
21400 94
21405 46
21410 12
21415 47
21420 38
21425 69
21430 48
21435 67
21440 33
21445 64
21450 78
21455 83
21460 8
21465 4
21470 5
21475 66
21480 20
21485 86
21490 85
21495 43
21500 37
21505 77
21510 17
21515 69
21520 5
21525 71
21530 51
21535 23
21540 4
21545 41
21550 64
21555 45
21560 95
21565 50
21570 78
21575 20
21580 93
21585 47
21590 0
21595 38
21600 25
21605 91
21610 19
21615 21
21620 1
21625 66
21630 69
21635 32
21640 63
21645 3
21650 33
21655 37
21660 49
21665 82
21670 9
21675 49
21680 11
21685 99
21690 84
21695 25
21700 61
21705 88
21710 22
21715 11
21720 1
21725 26
21730 2
21735 79
21740 47
21745 14
21750 15
21755 31
21760 45
21765 0
21770 40
21775 86
21780 1
21785 70
21790 9
21795 83
21800 51
21805 42
21810 45
21815 61
21820 24
21825 91
21830 60
21835 15
21840 24
21845 45
21850 95
21855 91
21860 18
21865 54
21870 7
21875 33
21880 56
21885 34
21890 94
21895 83
21900 20
21905 67
21910 9
21915 44
21920 71
21925 82
21930 12
21935 13
21940 9
21945 56
21950 90
21955 14
21960 20
21965 56
21970 32
21975 24
21980 73
21985 49
21990 8
21995 80
22000 8
22005 89
22010 65
22015 7
22020 17
22025 55
22030 54
22035 75
22040 51
22045 30
22050 95
22055 18
22060 19
22065 54
22070 72
22075 92
22080 2
22085 12
22090 85
22095 82
22100 10
22105 55
22110 89
22115 78
22120 84
22125 85
22130 59
22135 79
22140 45
22145 66
22150 22
22155 25
22160 65
22165 59
22170 65
22175 49
22180 66
22185 76
22190 52
22195 99
22200 99
22205 0
22210 19
22215 77
22220 30
22225 52
22230 86
22235 34
22240 62
22245 48
22250 6
22255 51
22260 70
22265 46
22270 10
22275 45
22280 37
22285 49
22290 61
22295 70
22300 89
22305 44
22310 14
22315 15
22320 5
22325 6
22330 9
22335 87
22340 17
22345 98
22350 86
22355 76
22360 73
22365 44
22370 70
22375 30
22380 79
22385 3
22390 38
22395 96
22400 37
22405 56
22410 9
22415 62
22420 19
22425 84
22430 8
22435 26
22440 41
22445 66
22450 71
22455 45
22460 37
22465 8
22470 52
22475 77
22480 89
22485 45
22490 13
22495 60
22500 82
22505 19
22510 97
22515 93
22520 4
22525 47
22530 54
22535 6
22540 94
22545 56
22550 63
22555 6
22560 29
22565 39
22570 38
22575 53
22580 32
22585 41
22590 45
22595 85
22600 32
22605 56
22610 4
22615 17
22620 50
22625 33
22630 70
22635 46
22640 62
22645 32
22650 16
22655 48
22660 48
22665 64
22670 43
22675 89
22680 96
22685 82
22690 76
22695 23
22700 97
22705 67
22710 40
22715 45
22720 77
22725 37
22730 16
22735 49
22740 78
22745 96
22750 94
22755 2
22760 26
22765 74
22770 15
22775 99
22780 11
22785 21
22790 27
22795 44
22800 55
22805 26
22810 9
22815 52
22820 72
22825 63
22830 22
22835 64
22840 65
22845 76
22850 30
22855 23
22860 23
22865 70
22870 15
22875 13
22880 82
22885 20
22890 60
22895 59
22900 13
22905 21
22910 85
22915 84
22920 91
22925 27
22930 39
22935 95
22940 11
22945 20
22950 11
22955 70
22960 75
22965 23
22970 60
22975 5
22980 87
22985 26
22990 62
22995 64
23000 27
23005 27
23010 41
23015 38
23020 94
23025 76
23030 65
23035 26
23040 32
23045 91
23050 65
23055 16
23060 17
23065 55
23070 33
23075 12
23080 97
23085 92
23090 16
23095 29
23100 3
23105 9
23110 10
23115 34
23120 3
23125 31
23130 73
23135 57
23140 30
23145 72
23150 98
23155 3
23160 26
23165 6
23170 35
23175 59
23180 54
23185 89
23190 91
23195 91
23200 82
23205 79
23210 48
23215 13
23220 9
23225 30
23230 40
23235 45
23240 85
23245 80
23250 7
23255 21
23260 85
23265 60
23270 28
23275 50
23280 3
23285 62
23290 88
23295 52
23300 38
23305 42
23310 21
23315 49
23320 35
23325 16
23330 99
23335 95
23340 92
23345 31
23350 6
23355 99
23360 39
23365 28
23370 25
23375 94
23380 17
23385 35
23390 93
23395 27
23400 17
23405 71
23410 62
23415 70
23420 75
23425 80
23430 2
23435 92
23440 64
23445 59
23450 29
23455 16
23460 63
23465 90
23470 0
23475 27
23480 92
23485 94
23490 29
23495 93
23500 65
23505 7
23510 31
23515 15
23520 84
23525 51
23530 26
23535 30
23540 48
23545 23
23550 36
23555 55
23560 0
23565 33
23570 35
23575 75
23580 81
23585 60
23590 52
23595 76
23600 41
23605 76
23610 54
23615 85
23620 60
23625 31
23630 25
23635 38
23640 12
23645 30
23650 36
23655 96
23660 17
23665 67
23670 77
23675 30
23680 77
23685 49
23690 76
23695 58
23700 19
23705 46
23710 94
23715 16
23720 93
23725 16
23730 56
23735 99
23740 77
23745 4
23750 93
23755 42
23760 56
23765 38
23770 25
23775 28
23780 26
23785 1
23790 91
23795 3
23800 25
23805 87
23810 39
23815 37
23820 49
23825 28
23830 52
23835 90
23840 41
23845 84
23850 26
23855 86
23860 62
23865 48
23870 14
23875 52
23880 31
23885 7
23890 84
23895 14
23900 78
23905 69
23910 81
23915 19
23920 24
23925 71
23930 86
23935 1
23940 77
23945 17
23950 33
23955 61
23960 1
23965 92
23970 35
23975 72
23980 19
23985 46
23990 35
23995 29
24000 16
24005 69
24010 74
24015 85
24020 98
24025 54
24030 53
24035 71
24040 64
24045 64
24050 91
24055 23
24060 30
24065 96
24070 42
24075 7
24080 66
24085 91
24090 66
24095 61
24100 69
24105 28
24110 95
24115 26
24120 9
24125 84
24130 70
24135 86
24140 38
24145 51
24150 61
24155 36
24160 42
24165 61
24170 36
24175 7
24180 25
24185 48
24190 48
24195 88
24200 85
24205 82
24210 52
24215 27
24220 5
24225 28
24230 38
24235 54
24240 83
24245 43
24250 95
24255 8
24260 16
24265 12
24270 72
24275 60
24280 9
24285 41
24290 46
24295 10
24300 85
24305 36
24310 46
24315 63
24320 48
24325 85
24330 38
24335 27
24340 6
24345 27
24350 25
24355 89
24360 3
24365 17
24370 12
24375 40
24380 45
24385 87
24390 44
24395 38
24400 68
24405 77
24410 74
24415 78
24420 50
24425 66
24430 86
24435 67
24440 6
24445 45
24450 98
24455 0
24460 37
24465 57
24470 27
24475 96
24480 48
24485 75
24490 51
24495 39
24500 14
24505 53
24510 97
24515 98
24520 25
24525 95
24530 0
24535 82
24540 32
24545 43
24550 56
24555 41
24560 23
24565 80
24570 90
24575 3
24580 89
24585 30
24590 97
24595 96
24600 24
24605 28
24610 59
24615 55
24620 25
24625 46
24630 68
24635 89
24640 32
24645 3
24650 37
24655 5
24660 56
24665 42
24670 59
24675 36
24680 68
24685 52
24690 77
24695 21
24700 83
24705 18
24710 17
24715 7
24720 21
24725 96
24730 41
24735 45
24740 91
24745 75
24750 95
24755 79
24760 51
24765 74
24770 3
24775 16
24780 58
24785 50
24790 81
24795 84
24800 14
24805 59
24810 67
24815 74
24820 31
24825 79
24830 47
24835 56
24840 57
24845 80
24850 94
24855 39
24860 29
24865 34
24870 12
24875 38
24880 55
24885 9
24890 93
24895 55
24900 66
24905 78
24910 17
24915 36
24920 13
24925 4
24930 72
24935 79
24940 76
24945 44
24950 20
24955 17
24960 99
24965 36
24970 52
24975 26
24980 38
24985 90
24990 36
24995 35
25000 69
25005 83
25010 65
25015 96
25020 63
25025 26
25030 27
25035 69
25040 13
25045 5
25050 51
25055 67
25060 35
25065 19
25070 61
25075 22
25080 10
25085 45
25090 59
25095 27
25100 47
25105 91
25110 23
25115 46
25120 46
25125 30
25130 69
25135 9
25140 36
25145 43
25150 13
25155 19
25160 92
25165 1
25170 95
25175 84
25180 18
25185 0
25190 12
25195 94
25200 23
25205 49
25210 40
25215 83
25220 97
25225 45
25230 0
25235 25
25240 13
25245 24
25250 41
25255 60
25260 23
25265 53
25270 98
25275 6
25280 57
25285 56
25290 70
25295 2
25300 4
25305 71
25310 80
25315 18
25320 43
25325 46
25330 15
25335 0
25340 22
25345 93
25350 61
25355 99
25360 10
25365 80
25370 98
25375 56
25380 51
25385 84
25390 84
25395 59
25400 39
25405 65
25410 97
25415 10
25420 58
25425 90
25430 13
25435 84
25440 77
25445 45
25450 42
25455 23
25460 60
25465 16
25470 85
25475 48
25480 20
25485 27
25490 24
25495 17
25500 87
25505 1
25510 57
25515 17
25520 67
25525 99
25530 75
25535 93
25540 90
25545 2
25550 40
25555 45
25560 81
25565 98
25570 6
25575 64
25580 14
25585 16
25590 58
25595 67
25600 39
25605 16
25610 22
25615 21
25620 93
25625 10
25630 73
25635 57
25640 33
25645 79
25650 64
25655 22
25660 8
25665 81
25670 56
25675 4
25680 23
25685 90
25690 96
25695 33
25700 53
25705 2
25710 73
25715 50
25720 79
25725 72
25730 44
25735 5
25740 80
25745 71
25750 1
25755 12
25760 9
25765 83
25770 97
25775 87
25780 93
25785 52
25790 45
25795 47
25800 0
25805 52
25810 88
25815 15
25820 64
25825 94
25830 9
25835 34
25840 57
25845 80
25850 84
25855 21
25860 99
25865 91
25870 46
25875 44
25880 61
25885 89
25890 85
25895 31
25900 1
25905 45
25910 76
25915 77
25920 59
25925 27
25930 7
25935 51
25940 13
25945 90
25950 30
25955 85
25960 6
25965 33
25970 83
25975 74
25980 98
25985 67
25990 63
25995 97
26000 0
26005 56
26010 50
26015 40
26020 29
26025 24
26030 83
26035 14
26040 6
26045 98
26050 71
26055 24
26060 56
26065 93
26070 46
26075 93
26080 12
26085 12
26090 43
26095 23
26100 42
26105 32
26110 28
26115 90
26120 50
26125 91
26130 93
26135 0
26140 81
26145 50
26150 86
26155 56
26160 48
26165 10
26170 22
26175 48
26180 15
26185 8
26190 87
26195 16
26200 89
26205 80
26210 15
26215 49
26220 80
26225 54
26230 25
26235 65
26240 46
26245 75
26250 87
26255 73
26260 16
26265 97
26270 54
26275 93
26280 1
26285 72
26290 62
26295 96
26300 32
26305 23
26310 68
26315 7
26320 2
26325 76
26330 76
26335 70
26340 66
26345 3
26350 99
26355 41
26360 11
26365 76
26370 84
26375 67
26380 33
26385 46
26390 32
26395 89
26400 46
26405 41
26410 95
26415 77
26420 32
26425 17
26430 25
26435 7
26440 90
26445 33
26450 36
26455 97
26460 33
26465 46
26470 43
26475 91
26480 65
26485 50
26490 93
26495 54
26500 3
26505 2
26510 91
26515 34
26520 3
26525 38
26530 6
26535 41
26540 41
26545 33
26550 11
26555 21
26560 56
26565 59
26570 9
26575 40
26580 19
26585 22
26590 16
26595 8
26600 83
26605 92
26610 30
26615 41
26620 76
26625 78
26630 39
26635 76
26640 29
26645 6
26650 9
26655 40
26660 59
26665 51
26670 56
26675 75
26680 52
26685 40
26690 85
26695 76
26700 50
26705 18
26710 1
26715 59
26720 99
26725 83
26730 51
26735 22
26740 66
26745 96
26750 27
26755 44
26760 42
26765 99
26770 61
26775 4
26780 57
26785 13
26790 48
26795 90
26800 51
26805 88
26810 40
26815 72
26820 34
26825 45
26830 82
26835 73
26840 37
26845 60
26850 34
26855 51
26860 56
26865 4
26870 52
26875 54
26880 42
26885 71
26890 65
26895 41
26900 95
26905 60
26910 26
26915 89
26920 99
26925 66
26930 46
26935 96
26940 83
26945 5
26950 33
26955 54
26960 78
26965 86
26970 76
26975 34
26980 48
26985 9
26990 96
26995 69
27000 12
27005 13
27010 74
27015 51
27020 50
27025 25
27030 28
27035 55
27040 75
27045 9
27050 45
27055 31
27060 27
27065 11
27070 73
27075 64
27080 49
27085 26
27090 89
27095 75
27100 39
27105 35
27110 1
27115 10
27120 54
27125 7
27130 5
27135 48
27140 96
27145 47
27150 22
27155 36
27160 52
27165 94
27170 15
27175 69
27180 74
27185 28
27190 13
27195 21
27200 7
27205 16
27210 83
27215 83
27220 27
27225 42
27230 90
27235 26
27240 23
27245 74
27250 4
27255 3
27260 63
27265 29
27270 15
27275 28
27280 75
27285 62
27290 36
27295 46
27300 91
27305 42
27310 91
27315 86
27320 74
27325 73
27330 54
27335 44
27340 69
27345 35
27350 91
27355 7
27360 71
27365 67
27370 74
27375 22
27380 3
27385 10
27390 21
27395 60
27400 1
27405 48
27410 60
27415 96
27420 37
27425 3
27430 69
27435 16
27440 54
27445 70
27450 62
27455 71
27460 94
27465 71
27470 88
27475 0
27480 24
27485 26
27490 42
27495 70
27500 4
27505 81
27510 6
27515 4
27520 46
27525 2
27530 99
27535 91
27540 36
27545 13
27550 77
27555 82
27560 80
27565 29
27570 80
27575 19
27580 53
27585 3
27590 35
27595 53
27600 29
27605 76
27610 17
27615 95
27620 85
27625 74
27630 92
27635 87
27640 90
27645 90
27650 63
27655 60
27660 14
27665 33
27670 72
27675 78
27680 5
27685 5
27690 65
27695 76
27700 49
27705 15
27710 6
27715 5
27720 89
27725 91
27730 82
27735 66
27740 99
27745 64
27750 66
27755 39
27760 7
27765 86
27770 77
27775 13
27780 71
27785 41
27790 66
27795 90
27800 84
27805 46
27810 64
27815 8
27820 13
27825 5
27830 8
27835 85
27840 89
27845 85
27850 2
27855 40
27860 15
27865 85
27870 55
27875 14
27880 7
27885 62
27890 51
27895 19
27900 84
27905 63
27910 44
27915 38
27920 83
27925 6
27930 22
27935 4
27940 93
27945 8
27950 9
27955 32
27960 83
27965 72
27970 36
27975 87
27980 32
27985 82
27990 44
27995 23
28000 84
28005 47
28010 23
28015 77
28020 96
28025 85
28030 8
28035 28
28040 2
28045 87
28050 1
28055 80
28060 88
28065 17
28070 12
28075 53
28080 98
28085 21
28090 76
28095 55
28100 70
28105 3
28110 61
28115 81
28120 87
28125 63
28130 1
28135 32
28140 38
28145 47
28150 51
28155 38
28160 4
28165 71
28170 21
28175 50
28180 91
28185 58
28190 77
28195 52
28200 22
28205 91
28210 36
28215 1
28220 4
28225 5
28230 12
28235 71
28240 9
28245 48
28250 49
28255 29
28260 47
28265 14
28270 14
28275 35
28280 40
28285 83
28290 96
28295 16
28300 96
28305 35
28310 18
28315 24
28320 36
28325 56
28330 24
28335 82
28340 94
28345 32
28350 5
28355 31
28360 57
28365 15
28370 62
28375 52
28380 40
28385 88
28390 22
28395 47
28400 17
28405 79
28410 16
28415 74
28420 67
28425 62
28430 94
28435 2
28440 71
28445 1
28450 7
28455 35
28460 76
28465 50
28470 79
28475 48
28480 16
28485 57
28490 4
28495 3
28500 39
28505 65
28510 15
28515 94
28520 22
28525 9
28530 11
28535 69
28540 18
28545 12
28550 32
28555 25
28560 52
28565 9
28570 25
28575 16
28580 48
28585 64
28590 18
28595 34
28600 12
28605 12
28610 69
28615 13
28620 93
28625 89
28630 53
28635 97
28640 83
28645 63
28650 91
28655 60
28660 35
28665 30
28670 44
28675 99
28680 6
28685 79
28690 87
28695 49
28700 49
28705 51
28710 81
28715 90
28720 93
28725 13
28730 16
28735 5
28740 41
28745 94
28750 51
28755 76
28760 32
28765 89
28770 12
28775 46
28780 80
28785 19
28790 12
28795 44
28800 76
28805 5
28810 39
28815 17
28820 17
28825 35
28830 71
28835 82
28840 47
28845 59
28850 66
28855 70
28860 22
28865 56
28870 62
28875 37
28880 43
28885 47
28890 54
28895 58
28900 1
28905 39
28910 47
28915 9
28920 63
28925 73
28930 80
28935 84
28940 77
28945 43
28950 22
28955 91
28960 58
28965 64
28970 78
28975 18
28980 66
28985 51
28990 49
28995 65
29000 93
29005 6
29010 44
29015 87
29020 77
29025 36
29030 81
29035 34
29040 74
29045 61
29050 3
29055 53
29060 54
29065 53
29070 60
29075 89
29080 15
29085 72
29090 94
29095 6
29100 56
29105 17
29110 30
29115 56
29120 12
29125 76
29130 19
29135 7
29140 91
29145 25
29150 21
29155 87
29160 8
29165 18
29170 48
29175 62
29180 35
29185 53
29190 1
29195 5
29200 28
29205 43
29210 72
29215 47
29220 39
29225 77
29230 0
29235 27
29240 77
29245 98
29250 96
29255 95
29260 83
29265 21
29270 61
29275 80
29280 84
29285 89
29290 5
29295 25
29300 78
29305 80
29310 76
29315 31
29320 6
29325 53
29330 82
29335 80
29340 6
29345 53
29350 91
29355 90
29360 73
29365 89
29370 84
29375 49
29380 63
29385 77
29390 70
29395 69
29400 23
29405 81
29410 26
29415 80
29420 94
29425 76
29430 8
29435 75
29440 78
29445 1
29450 36
29455 56
29460 96
29465 28
29470 36
29475 30
29480 10
29485 10
29490 12
29495 68
29500 84
29505 5
29510 19
29515 1
29520 92
29525 75
29530 0
29535 30
29540 94
29545 62
29550 4
29555 43
29560 63
29565 39
29570 51
29575 50
29580 8
29585 86
29590 17
29595 22
29600 58
29605 60
29610 34
29615 78
29620 22
29625 54
29630 52
29635 30
29640 78
29645 3
29650 75
29655 32
29660 0
29665 4
29670 93
29675 11
29680 81
29685 7
29690 19
29695 59
29700 42
29705 91
29710 19
29715 67
29720 88
29725 8
29730 26
29735 2
29740 23
29745 10
29750 34
29755 56
29760 85
29765 7
29770 4
29775 48
29780 44
29785 97
29790 89
29795 20
29800 72
29805 71
29810 47
29815 55
29820 48
29825 71
29830 37
29835 26
29840 50
29845 28
29850 73
29855 73
29860 1
29865 0
29870 84
29875 99
29880 47
29885 12
29890 91
29895 37
29900 12
29905 1
29910 60
29915 98
29920 26
29925 98
29930 60
29935 62
29940 99
29945 14
29950 27
29955 62
29960 43
29965 64
29970 84
29975 52
29980 91
29985 38
29990 71
29995 40
30000 78
30005 57
30010 51
30015 65
30020 96
30025 80
30030 20
30035 12
30040 71
30045 84
30050 68
30055 12
30060 14
30065 89
30070 83
30075 24
30080 57
30085 12
30090 73
30095 58
30100 80
30105 66
30110 83
30115 69
30120 40
30125 86
30130 54
30135 88
30140 78
30145 45
30150 32
30155 17
30160 10
30165 62
30170 89
30175 89
30180 94
30185 25
30190 45
30195 25
30200 55
30205 50
30210 75
30215 96
30220 54
30225 28
30230 47
30235 23
30240 18
30245 56
30250 96
30255 70
30260 98
30265 61
30270 30
30275 49
30280 48
30285 92
30290 61
30295 89
30300 71
30305 41
30310 70
30315 68
30320 97
30325 51
30330 66
30335 42
30340 52
30345 44
30350 40
30355 51
30360 75
30365 91
30370 89
30375 43
30380 57
30385 44
30390 24
30395 67
30400 65
30405 82
30410 33
30415 38
30420 92
30425 73
30430 82
30435 72
30440 84
30445 52
30450 82
30455 99
30460 78
30465 21
30470 51
30475 32
30480 45
30485 8
30490 13
30495 14
30500 57
30505 80
30510 40
30515 10
30520 83
30525 52
30530 60
30535 11
30540 1
30545 55
30550 92
30555 95
30560 84
30565 89
30570 4
30575 17
30580 5
30585 29
30590 52
30595 72
30600 64
30605 57
30610 23
30615 41
30620 62
30625 37
30630 98
30635 42
30640 81
30645 77
30650 96
30655 99
30660 15
30665 35
30670 22
30675 11
30680 54
30685 12
30690 48
30695 62
30700 63
30705 91
30710 93
30715 53
30720 12
30725 74
30730 8
30735 24
30740 69
30745 28
30750 71
30755 17
30760 67
30765 53
30770 12
30775 61
30780 85
30785 35
30790 53
30795 71
30800 68
30805 92
30810 43
30815 35
30820 3
30825 74
30830 59
30835 59
30840 92
30845 54
30850 58
30855 21
30860 82
30865 39
30870 44
30875 63
30880 70
30885 6
30890 26
30895 79
30900 27
30905 67
30910 22
30915 29
30920 58
30925 99
30930 77
30935 4
30940 13
30945 15
30950 59
30955 53
30960 14
30965 92
30970 22
30975 61
30980 34
30985 0
30990 24
30995 45
31000 21
31005 8
31010 30
31015 70
31020 19
31025 21
31030 93
31035 28
31040 28
31045 52
31050 83
31055 72
31060 11
31065 77
31070 28
31075 42
31080 70
31085 88
31090 53
31095 78
31100 74
31105 58
31110 34
31115 16
31120 49
31125 7
31130 51
31135 15
31140 52
31145 33
31150 59
31155 49
31160 61
31165 31
31170 27
31175 74
31180 40
31185 70
31190 21
31195 69
31200 47
31205 89
31210 65
31215 42
31220 44
31225 4
31230 64
31235 43
31240 81
31245 34
31250 76
31255 87
31260 75
31265 24
31270 49
31275 4
31280 44
31285 74
31290 60
31295 2
31300 86
31305 71
31310 58
31315 61
31320 6
31325 77
31330 48
31335 7
31340 28
31345 30
31350 85
31355 40
31360 38
31365 95
31370 1
31375 53
31380 59
31385 30
31390 63
31395 39
31400 95
31405 4
31410 9
31415 33
31420 53
31425 18
31430 83
31435 41
31440 22
31445 82
31450 27
31455 45
31460 73
31465 6
31470 55
31475 62
31480 71
31485 82
31490 54
31495 15
31500 48
31505 86
31510 72
31515 46
31520 1
31525 92
31530 20
31535 48
31540 59
31545 63
31550 57
31555 30
31560 44
31565 2
31570 95
31575 72
31580 7
31585 31
31590 37
31595 99
31600 47
31605 65
31610 45
31615 45
31620 39
31625 82
31630 39
31635 81
31640 71
31645 39
31650 91
31655 97
31660 79
31665 60
31670 88
31675 15
31680 34
31685 65
31690 10
31695 74
31700 78
31705 75
31710 98
31715 93
31720 2
31725 13
31730 88
31735 76
31740 0
31745 98
31750 69
31755 14
31760 96
31765 62
31770 4
31775 18
31780 82
31785 39
31790 22
31795 24
31800 62
31805 85
31810 86
31815 0
31820 88
31825 37
31830 14
31835 6
31840 74
31845 32
31850 55
31855 20
31860 56
31865 8
31870 73
31875 13
31880 30
31885 15
31890 46
31895 69
31900 88
31905 19
31910 80
31915 69
31920 94
31925 65
31930 46
31935 25
31940 87
31945 8
31950 64
31955 16
31960 99
31965 81
31970 55
31975 68
31980 53
31985 4
31990 26
31995 46
32000 96
32005 32
32010 26
32015 34
32020 68
32025 98
32030 26
32035 40
32040 74
32045 26
32050 9
32055 53
32060 87
32065 38
32070 27
32075 2
32080 78
32085 50
32090 51
32095 61
32100 94
32105 65
32110 41
32115 71
32120 62
32125 99
32130 69
32135 98
32140 15
32145 62
32150 57
32155 0
32160 72
32165 18
32170 98
32175 48
32180 38
32185 81
32190 54
32195 79
32200 88
32205 36
32210 34
32215 65
32220 70
32225 29
32230 92
32235 89
32240 25
32245 48
32250 73
32255 42
32260 24
32265 61
32270 23
32275 74
32280 17
32285 99
32290 92
32295 11
32300 68
32305 71
32310 73
32315 46
32320 40
32325 71
32330 84
32335 90
32340 90
32345 10
32350 23
32355 70
32360 35
32365 57
32370 0
32375 86
32380 97
32385 21
32390 54
32395 71
32400 23
32405 80
32410 40
32415 98
32420 77
32425 32
32430 5
32435 31
32440 12
32445 92
32450 32
32455 50
32460 67
32465 10
32470 27
32475 57
32480 23
32485 12
32490 16
32495 20
32500 38
32505 47
32510 64
32515 29
32520 47
32525 74
32530 44
32535 60
32540 41
32545 43
32550 89
32555 1
32560 63
32565 65
32570 34
32575 70
32580 57
32585 9
32590 44
32595 82
32600 17
32605 31
32610 24
32615 15
32620 65
32625 3
32630 88
32635 93
32640 34
32645 75
32650 88
32655 64
32660 7
32665 49
32670 72
32675 39
32680 81
32685 49
32690 99
32695 24
32700 69
32705 23
32710 37
32715 77
32720 56
32725 62
32730 64
32735 24
32740 51
32745 89
32750 68
32755 62
32760 2
32765 61
32770 5
32775 48
32780 97
32785 40
32790 76
32795 34
32800 98
32805 52
32810 65
32815 82
32820 65
32825 36
32830 86
32835 43
32840 10
32845 92
32850 33
32855 56
32860 97
32865 51
32870 3
32875 3
32880 67
32885 61
32890 59
32895 66
32900 69
32905 38
32910 39
32915 75
32920 58
32925 41
32930 25
32935 59
32940 34
32945 76
32950 69
32955 65
32960 67
32965 37
32970 13
32975 60
32980 68
32985 21
32990 16
32995 10
33000 93
33005 5
33010 8
33015 93
33020 65
33025 30
33030 87
33035 5
33040 99
33045 26
33050 4
33055 53
33060 13
33065 23
33070 10
33075 36
33080 39
33085 99
33090 77
33095 14
33100 6
33105 20
33110 91
33115 48
33120 74
33125 88
33130 25
33135 49
33140 87
33145 53
33150 76
33155 35
33160 83
33165 68
33170 71
33175 59
33180 64
33185 75
33190 45
33195 76
33200 44
33205 57
33210 63
33215 82
33220 81
33225 81
33230 9
33235 41
33240 63
33245 72
33250 15
33255 84
33260 51
33265 8
33270 82
33275 54
33280 16
33285 53
33290 6
33295 29
33300 75
33305 31
33310 74
33315 38
33320 93
33325 9
33330 49
33335 79
33340 73
33345 28
33350 22
33355 50
33360 69
33365 96
33370 11
33375 49
33380 39
33385 46
33390 82
33395 40
33400 39
33405 0
33410 59
33415 64
33420 26
33425 52
33430 99
33435 19
33440 52
33445 10
33450 22
33455 65
33460 21
33465 64
33470 34
33475 22
33480 91
33485 41
33490 3
33495 51
33500 65
33505 19
33510 63
33515 78
33520 67
33525 55
33530 4
33535 60
33540 72
33545 24
33550 56
33555 58
33560 45
33565 36
33570 1
33575 82
33580 88
33585 70
33590 1
33595 31
33600 72
33605 45
33610 67
33615 60
33620 92
33625 97
33630 50
33635 41
33640 63
33645 73
33650 17
33655 17
33660 92
33665 7
33670 79
33675 36
33680 84
33685 80
33690 32
33695 64
33700 2
33705 52
33710 26
33715 8
33720 48
33725 94
33730 34
33735 56
33740 29
33745 23
33750 8
33755 2
33760 39
33765 1
33770 1
33775 30
33780 39
33785 78
33790 39
33795 38
33800 96
33805 34
33810 21
33815 97
33820 74
33825 83
33830 8
33835 85
33840 42
33845 15
33850 69
33855 53
33860 24
33865 56
33870 63
33875 39
33880 84
33885 84
33890 95
33895 47
33900 47
33905 70
33910 20
33915 39
33920 25
33925 31
33930 87
33935 86
33940 4
33945 30
33950 56
33955 76
33960 26
33965 81
33970 85
33975 17
33980 60
33985 72
33990 41
33995 10
34000 46
34005 71
34010 86
34015 18
34020 24
34025 67
34030 86
34035 71
34040 5
34045 88
34050 63
34055 81
34060 12
34065 77
34070 67
34075 58
34080 81
34085 29
34090 34
34095 54
34100 23
34105 92
34110 43
34115 1
34120 99
34125 23
34130 42
34135 15
34140 68
34145 40
34150 95
34155 78
34160 13
34165 34
34170 63
34175 76
34180 36
34185 33
34190 91
34195 63
34200 40
34205 33
34210 28
34215 37
34220 86
34225 45
34230 24
34235 54
34240 14
34245 92
34250 42
34255 39
34260 24
34265 43
34270 45
34275 83
34280 79
34285 27
34290 40
34295 40
34300 62
34305 65
34310 12
34315 24
34320 37
34325 14
34330 82
34335 29
34340 90
34345 7
34350 43
34355 39
34360 28
34365 95
34370 20
34375 47
34380 71
34385 14
34390 34
34395 44
34400 42
34405 18
34410 64
34415 7
34420 86
34425 52
34430 73
34435 86
34440 87
34445 20
34450 66
34455 37
34460 47
34465 61
34470 3
34475 63
34480 2
34485 58
34490 10
34495 98
34500 31
34505 3
34510 2
34515 60
34520 73
34525 61
34530 83
34535 23
34540 54
34545 24
34550 88
34555 89
34560 97
34565 77
34570 88
34575 67
34580 16
34585 24
34590 16
34595 28
34600 32
34605 98
34610 11
34615 19
34620 86
34625 17
34630 23
34635 9
34640 86
34645 12
34650 37
34655 97
34660 43
34665 80
34670 69
34675 35
34680 41
34685 9
34690 74
34695 44
34700 89
34705 3
34710 21
34715 94
34720 99
34725 76
34730 93
34735 69
34740 76
34745 84
34750 72
34755 21
34760 33
34765 69
34770 50
34775 16
34780 84
34785 77
34790 56
34795 59
34800 46
34805 59
34810 94
34815 96
34820 47
34825 66
34830 43
34835 19
34840 4
34845 76
34850 79
34855 55
34860 6
34865 2
34870 93
34875 24
34880 26
34885 40
34890 88
34895 46
34900 98
34905 68
34910 77
34915 11
34920 38
34925 61
34930 48
34935 85
34940 96
34945 42
34950 34
34955 20
34960 9
34965 49
34970 84
34975 12
34980 53
34985 0
34990 74
34995 31
35000 0
35005 63
35010 73
35015 90
35020 14
35025 41
35030 47
35035 7
35040 17
35045 91
35050 62
35055 52
35060 65
35065 12
35070 51
35075 24
35080 93
35085 6
35090 52
35095 27
35100 73
35105 77
35110 10
35115 34
35120 46
35125 83
35130 9
35135 77
35140 40
35145 19
35150 51
35155 36
35160 88
35165 82
35170 7
35175 81
35180 46
35185 1
35190 2
35195 21
35200 18
35205 87
35210 29
35215 65
35220 53
35225 4
35230 31
35235 85
35240 25
35245 92
35250 52
35255 24
35260 25
35265 4
35270 47
35275 2
35280 51
35285 56
35290 46
35295 10
35300 19
35305 25
35310 67
35315 82
35320 52
35325 88
35330 23
35335 53
35340 82
35345 60
35350 14
35355 60
35360 35
35365 22
35370 36
35375 85
35380 70
35385 75
35390 88
35395 32
35400 63
35405 72
35410 37
35415 31
35420 75
35425 61
35430 75
35435 16
35440 2
35445 83
35450 19
35455 80
35460 43
35465 76
35470 65
35475 9
35480 48
35485 7
35490 89
35495 78
35500 85
35505 76
35510 61
35515 77
35520 0
35525 66
35530 13
35535 10
35540 90
35545 36
35550 85
35555 52
35560 61
35565 99
35570 99
35575 24
35580 47
35585 44
35590 49
35595 36
35600 59
35605 32
35610 84
35615 62
35620 87
35625 91
35630 11
35635 65
35640 2
35645 17
35650 40
35655 59
35660 47
35665 69
35670 2
35675 52
35680 80
35685 51
35690 81
35695 6
35700 16
35705 46
35710 98
35715 36
35720 7
35725 16
35730 81
35735 55
35740 87
35745 68
35750 92
35755 64
35760 18
35765 3
35770 94
35775 87
35780 85
35785 62
35790 29
35795 94
35800 70
35805 5
35810 2
35815 64
35820 60
35825 41
35830 62
35835 55
35840 21
35845 43
35850 81
35855 51
35860 50
35865 78
35870 21
35875 36
35880 43
35885 18
35890 74
35895 98
35900 5
35905 93
35910 68
35915 73
35920 24
35925 93
35930 66
35935 79
35940 96
35945 97
35950 77
35955 58
35960 47
35965 45
35970 73
35975 87
35980 33
35985 21
35990 61
35995 72
36000 75
36005 0
36010 0
36015 77
36020 33
36025 93
36030 42
36035 74
36040 74
36045 60
36050 67
36055 44
36060 98
36065 6
36070 36
36075 65
36080 85
36085 16
36090 36
36095 93
36100 89
36105 49
36110 34
36115 41
36120 17
36125 85
36130 31
36135 93
36140 92
36145 89
36150 61
36155 4
36160 48
36165 41
36170 14
36175 51
36180 46
36185 93
36190 66
36195 25
36200 48
36205 52
36210 84
36215 39
36220 95
36225 58
36230 53
36235 67
36240 32
36245 39
36250 20
36255 16
36260 25
36265 85
36270 89
36275 11
36280 51
36285 96
36290 56
36295 83
36300 65
36305 17
36310 95
36315 46
36320 16
36325 67
36330 54
36335 23
36340 71
36345 64
36350 27
36355 8
36360 64
36365 79
36370 95
36375 56
36380 72
36385 58
36390 25
36395 3
36400 85
36405 41
36410 89
36415 54
36420 78
36425 45
36430 36
36435 60
36440 19
36445 69
36450 17
36455 81
36460 29
36465 6
36470 60
36475 9
36480 70
36485 47
36490 61
36495 41
36500 97
36505 58
36510 35
36515 45
36520 15
36525 92
36530 36
36535 67
36540 47
36545 50
36550 83
36555 31
36560 36
36565 90
36570 45
36575 35
36580 0
36585 54
36590 84
36595 10
36600 53
36605 84
36610 82
36615 30
36620 82
36625 53
36630 50
36635 98
36640 92
36645 2
36650 47
36655 60
36660 27
36665 93
36670 99
36675 13
36680 83
36685 40
36690 7
36695 81
36700 11
36705 85
36710 82
36715 91
36720 2
36725 65
36730 62
36735 46
36740 19
36745 21
36750 58
36755 39
36760 97
36765 66
36770 81
36775 23
36780 94
36785 0
36790 35
36795 95
36800 28
36805 36
36810 84
36815 98
36820 71
36825 56
36830 65
36835 33
36840 49
36845 76
36850 5
36855 39
36860 55
36865 76
36870 58
36875 53
36880 82
36885 54
36890 15
36895 37
36900 93
36905 40
36910 70
36915 86
36920 28
36925 23
36930 16
36935 5
36940 96
36945 22
36950 80
36955 50
36960 21
36965 24
36970 61
36975 5
36980 10
36985 43
36990 88
36995 95
37000 40
37005 68
37010 83
37015 41
37020 70
37025 28
37030 84
37035 22
37040 70
37045 94
37050 94
37055 63
37060 93
37065 54
37070 74
37075 92
37080 83
37085 11
37090 86
37095 55
37100 37
37105 16
37110 44
37115 92
37120 34
37125 93
37130 82
37135 79
37140 29
37145 37
37150 92
37155 40
37160 53
37165 61
37170 5
37175 8
37180 50
37185 1
37190 50
37195 66
37200 95
37205 32
37210 92
37215 15
37220 7
37225 96
37230 21
37235 18
37240 50
37245 56
37250 91
37255 43
37260 29
37265 45
37270 83
37275 30
37280 20
37285 49
37290 94
37295 39
37300 69
37305 30
37310 13
37315 19
37320 62
37325 99
37330 87
37335 79
37340 78
37345 86
37350 16
37355 68
37360 74
37365 31
37370 2
37375 97
37380 10
37385 64
37390 79
37395 56
37400 4
37405 14
37410 33
37415 38
37420 26
37425 80
37430 84
37435 8
37440 11
37445 3
37450 26
37455 66
37460 65
37465 84
37470 46
37475 15
37480 41
37485 63
37490 62
37495 19
37500 20
37505 30
37510 21
37515 66
37520 50
37525 89
37530 75
37535 4
37540 87
37545 17
37550 51
37555 97
37560 68
37565 49
37570 79
37575 84
37580 99
37585 58
37590 68
37595 37
37600 76
37605 63
37610 64
37615 96
37620 43
37625 3
37630 40
37635 99
37640 42
37645 33
37650 41
37655 88
37660 56
37665 18
37670 41
37675 74
37680 98
37685 1
37690 35
37695 92
37700 26
37705 89
37710 40
37715 3
37720 88
37725 73
37730 35
37735 71
37740 41
37745 15
37750 80
37755 86
37760 66
37765 6
37770 72
37775 81
37780 83
37785 23
37790 0
37795 4
37800 21
37805 44
37810 10
37815 26
37820 12
37825 9
37830 42
37835 63
37840 71
37845 55
37850 59
37855 73
37860 74
37865 17
37870 92
37875 89
37880 31
37885 4
37890 7
37895 31
37900 45
37905 27
37910 71
37915 62
37920 8
37925 80
37930 11
37935 37
37940 81
37945 29
37950 42
37955 86
37960 59
37965 14
37970 23
37975 29
37980 41
37985 2
37990 74
37995 81
38000 78
38005 26
38010 0
38015 76
38020 70
38025 26
38030 35
38035 78
38040 13
38045 18
38050 4
38055 18
38060 90
38065 91
38070 37
38075 82
38080 12
38085 89
38090 99
38095 75
38100 59
38105 84
38110 57
38115 17
38120 78
38125 59
38130 16
38135 2
38140 47
38145 23
38150 59
38155 87
38160 83
38165 1
38170 65
38175 96
38180 73
38185 79
38190 48
38195 42
38200 79
38205 14
38210 19
38215 82
38220 48
38225 54
38230 33
38235 99
38240 91
38245 58
38250 25
38255 5
38260 80
38265 9
38270 61
38275 67
38280 38
38285 38
38290 69
38295 79
38300 91
38305 15
38310 88
38315 89
38320 96
38325 32
38330 25
38335 89
38340 55
38345 19
38350 29
38355 10
38360 30
38365 56
38370 73
38375 27
38380 28
38385 56
38390 12
38395 38
38400 92
38405 1
38410 24
38415 91
38420 63
38425 54
38430 82
38435 33
38440 98
38445 98
38450 13
38455 33
38460 74
38465 24
38470 35
38475 92
38480 31
38485 77
38490 71
38495 68
38500 39
38505 14
38510 55
38515 41
38520 83
38525 55
38530 32
38535 47
38540 8
38545 75
38550 90
38555 46
38560 43
38565 58
38570 34
38575 84
38580 64
38585 46
38590 58
38595 31
38600 59
38605 96
38610 27
38615 73
38620 10
38625 26
38630 61
38635 97
38640 11
38645 79
38650 69
38655 19
38660 49
38665 14
38670 55
38675 3
38680 73
38685 90
38690 4
38695 77
38700 32
38705 70
38710 41
38715 16
38720 40
38725 1
38730 60
38735 82
38740 80
38745 96
38750 66
38755 49
38760 42
38765 75
38770 69
38775 40
38780 13
38785 49
38790 50
38795 27
38800 12
38805 21
38810 78
38815 84
38820 55
38825 93
38830 58
38835 19
38840 71
38845 18
38850 38
38855 62
38860 60
38865 52
38870 81
38875 39
38880 80
38885 63
38890 24
38895 89
38900 8
38905 47
38910 8
38915 84
38920 46
38925 73
38930 99
38935 91
38940 1
38945 80
38950 7
38955 47
38960 69
38965 54
38970 39
38975 79
38980 65
38985 19
38990 92
38995 21
39000 73
39005 34
39010 68
39015 37
39020 43
39025 67
39030 1
39035 76
39040 60
39045 73
39050 8
39055 75
39060 20
39065 55
39070 65
39075 48
39080 77
39085 52
39090 63
39095 41
39100 15
39105 96
39110 32
39115 17
39120 57
39125 5
39130 92
39135 14
39140 36
39145 13
39150 20
39155 28
39160 18
39165 70
39170 11
39175 43
39180 82
39185 16
39190 81
39195 99
39200 55
39205 92
39210 38
39215 61
39220 19
39225 79
39230 93
39235 35
39240 60
39245 31
39250 17
39255 6
39260 51
39265 84
39270 70
39275 70
39280 78
39285 97
39290 95
39295 7
39300 50
39305 94
39310 65
39315 39
39320 81
39325 54
39330 54
39335 15
39340 69
39345 32
39350 56
39355 48
39360 99
39365 53
39370 19
39375 67
39380 78
39385 49
39390 15
39395 88
39400 48
39405 63
39410 91
39415 84
39420 30
39425 46
39430 7
39435 39
39440 43
39445 11
39450 58
39455 77
39460 20
39465 51
39470 9
39475 28
39480 62
39485 66
39490 58
39495 7
39500 47
39505 85
39510 69
39515 34
39520 52
39525 38
39530 33
39535 44
39540 47
39545 77
39550 96
39555 18
39560 30
39565 70
39570 27
39575 31
39580 28
39585 77
39590 65
39595 39
39600 12
39605 88
39610 74
39615 2
39620 54
39625 4
39630 52
39635 62
39640 50
39645 28
39650 50
39655 19
39660 69
39665 73
39670 83
39675 33
39680 66
39685 14
39690 17
39695 21
39700 1
39705 21
39710 96
39715 3
39720 16
39725 15
39730 31
39735 91
39740 76
39745 0
39750 54
39755 2
39760 81
39765 96
39770 75
39775 70
39780 35
39785 25
39790 50
39795 18
39800 53
39805 99
39810 46
39815 0
39820 40
39825 61
39830 99
39835 96
39840 67
39845 99
39850 10
39855 0
39860 96
39865 42
39870 67
39875 92
39880 78
39885 13
39890 11
39895 99
39900 31
39905 9
39910 92
39915 56
39920 50
39925 1
39930 27
39935 49
39940 68
39945 71
39950 2
39955 44
39960 2
39965 23
39970 11
39975 53
39980 2
39985 65
39990 92
39995 54
40000 99
40005 88
40010 22
40015 49
40020 12
40025 55
40030 44
40035 58
40040 62
40045 20
40050 75
40055 31
40060 16
40065 44
40070 17
40075 35
40080 97
40085 84
40090 16
40095 42
40100 86
40105 23
40110 97
40115 68
40120 54
40125 96
40130 97
40135 61
40140 51
40145 15
40150 56
40155 76
40160 59
40165 84
40170 48
40175 94
40180 26
40185 16
40190 23
40195 47
40200 25
40205 71
40210 86
40215 21
40220 74
40225 68
40230 69
40235 32
40240 11
40245 79
40250 62
40255 0
40260 92
40265 59
40270 21
40275 35
40280 46
40285 55
40290 71
40295 99
40300 5
40305 45
40310 48
40315 21
40320 53
40325 91
40330 49
40335 34
40340 45
40345 75
40350 90
40355 87
40360 99
40365 12
40370 99
40375 38
40380 94
40385 55
40390 39
40395 60
40400 99
40405 69
40410 22
40415 52
40420 65
40425 38
40430 7
40435 70
40440 29
40445 60
40450 62
40455 88
40460 87
40465 5
40470 18
40475 29
40480 27
40485 71
40490 30
40495 3
40500 77
40505 89
40510 30
40515 0
40520 11
40525 13
40530 45
40535 5
40540 98
40545 61
40550 60
40555 94
40560 31
40565 46
40570 43
40575 35
40580 64
40585 91
40590 32
40595 22
40600 19
40605 39
40610 68
40615 95
40620 29
40625 35
40630 93
40635 32
40640 75
40645 19
40650 2
40655 3
40660 44
40665 76
40670 48
40675 70
40680 57
40685 7
40690 73
40695 57
40700 19
40705 70
40710 58
40715 12
40720 32
40725 59
40730 82
40735 68
40740 4
40745 28
40750 12
40755 25
40760 10
40765 30
40770 34
40775 3
40780 19
40785 79
40790 12
40795 49
40800 88
40805 52
40810 97
40815 66
40820 89
40825 62
40830 81
40835 44
40840 6
40845 22
40850 23
40855 14
40860 19
40865 46
40870 5
40875 32
40880 85
40885 48
40890 91
40895 16
40900 7
40905 75
40910 47
40915 33
40920 14
40925 26
40930 72
40935 70
40940 52
40945 82
40950 11
40955 78
40960 88
40965 86
40970 94
40975 99
40980 65
40985 48
40990 31
40995 8
41000 5
41005 96
41010 44
41015 24
41020 78
41025 17
41030 71
41035 27
41040 85
41045 35
41050 47
41055 28
41060 4
41065 76
41070 25
41075 20
41080 85
41085 44
41090 18
41095 59
41100 51
41105 7
41110 7
41115 37
41120 56
41125 89
41130 89
41135 7
41140 56
41145 73
41150 14
41155 88
41160 91
41165 71
41170 0
41175 9
41180 66
41185 43
41190 71
41195 88
41200 77
41205 90
41210 2
41215 74
41220 44
41225 78
41230 40
41235 8
41240 99
41245 87
41250 5
41255 2
41260 3
41265 63
41270 18
41275 15
41280 4
41285 84
41290 58
41295 85
41300 92
41305 41
41310 73
41315 82
41320 89
41325 46
41330 62
41335 55
41340 16
41345 73
41350 61
41355 59
41360 61
41365 68
41370 54
41375 51
41380 50
41385 44
41390 45
41395 36
41400 72
41405 7
41410 47
41415 44
41420 12
41425 22
41430 89
41435 96
41440 69
41445 78
41450 54
41455 16
41460 6
41465 48
41470 25
41475 26
41480 99
41485 9
41490 16
41495 8
41500 11
41505 49
41510 50
41515 16
41520 71
41525 66
41530 22
41535 7
41540 39
41545 9
41550 51
41555 91
41560 88
41565 92
41570 90
41575 54
41580 55
41585 32
41590 57
41595 24
41600 14
41605 30
41610 92
41615 59
41620 79
41625 28
41630 85
41635 49
41640 81
41645 37
41650 89
41655 98
41660 65
41665 89
41670 39
41675 0
41680 86
41685 54
41690 50
41695 84
41700 13
41705 88
41710 54
41715 2
41720 51
41725 18
41730 51
41735 78
41740 15
41745 16
41750 9
41755 8
41760 43
41765 58
41770 14
41775 40
41780 14
41785 71
41790 62
41795 74
41800 66
41805 26
41810 20
41815 26
41820 31
41825 81
41830 9
41835 17
41840 63
41845 96
41850 52
41855 67
41860 97
41865 20
41870 6
41875 0
41880 48
41885 55
41890 3
41895 6
41900 28
41905 83
41910 31
41915 62
41920 39
41925 24
41930 61
41935 13
41940 7
41945 1
41950 18
41955 27
41960 10
41965 37
41970 33
41975 34
41980 69
41985 99
41990 95
41995 66
42000 62
42005 90
42010 44
42015 43
42020 61
42025 3
42030 69
42035 13
42040 85
42045 96
42050 97
42055 20
42060 53
42065 22
42070 2
42075 41
42080 81
42085 34
42090 32
42095 30
42100 82
42105 57
42110 82
42115 69
42120 5
42125 77
42130 17
42135 48
42140 20
42145 28
42150 92
42155 20
42160 98
42165 8
42170 83
42175 28
42180 83
42185 22
42190 6
42195 72
42200 68
42205 93
42210 66
42215 92
42220 94
42225 8
42230 65
42235 55
42240 93
42245 2
42250 18
42255 69
42260 66
42265 42
42270 66
42275 93
42280 2
42285 8
42290 63
42295 86
42300 6
42305 67
42310 41
42315 37
42320 5
42325 81
42330 92
42335 21
42340 95
42345 20
42350 67
42355 5
42360 79
42365 55
42370 25
42375 41
42380 63
42385 51
42390 65
42395 46
42400 99
42405 44
42410 97
42415 28
42420 80
42425 19
42430 52
42435 42
42440 0
42445 63
42450 69
42455 78
42460 55
42465 91
42470 27
42475 69
42480 97
42485 3
42490 62
42495 68
42500 45
42505 91
42510 65
42515 9
42520 94
42525 53
42530 7
42535 21
42540 97
42545 49
42550 79
42555 86
42560 15
42565 67
42570 17
42575 99
42580 84
42585 15
42590 95
42595 25
42600 72
42605 5
42610 55
42615 77
42620 11
42625 91
42630 36
42635 41
42640 67
42645 24
42650 31
42655 34
42660 94
42665 77
42670 26
42675 34
42680 8
42685 58
42690 53
42695 43
42700 77
42705 37
42710 58
42715 7
42720 4
42725 14
42730 89
42735 64
42740 56
42745 10
42750 53
42755 59
42760 35
42765 88
42770 96
42775 21
42780 55
42785 51
42790 34
42795 79
42800 36
42805 7
42810 28
42815 43
42820 33
42825 47
42830 65
42835 72
42840 88
42845 67
42850 48
42855 60
42860 41
42865 97
42870 90
42875 74
42880 15
42885 2
42890 52
42895 20
42900 21
42905 56
42910 84
42915 94
42920 25
42925 21
42930 8
42935 89
42940 49
42945 92
42950 45
42955 0
42960 61
42965 60
42970 93
42975 88
42980 23
42985 93
42990 14
42995 27
43000 99
43005 78
43010 76
43015 88
43020 61
43025 35
43030 40
43035 88
43040 84
43045 82
43050 0
43055 13
43060 27
43065 76
43070 93
43075 6
43080 59
43085 16
43090 2
43095 18
43100 3
43105 54
43110 77
43115 80
43120 10
43125 76
43130 22
43135 42
43140 85
43145 13
43150 23
43155 21
43160 87
43165 47
43170 93
43175 85
43180 60
43185 10
43190 23
43195 84
43200 78
43205 6
43210 81
43215 82
43220 35
43225 0
43230 16
43235 48
43240 62
43245 12
43250 64
43255 25
43260 2
43265 67
43270 52
43275 38
43280 12
43285 83
43290 60
43295 72
43300 61
43305 52
43310 16
43315 42
43320 29
43325 22
43330 7
43335 95
43340 50
43345 95
43350 14
43355 41
43360 30
43365 10
43370 68
43375 38
43380 21
43385 85
43390 30
43395 62
43400 68
43405 29
43410 46
43415 16
43420 6
43425 71
43430 47
43435 73
43440 60
43445 70
43450 25
43455 36
43460 59
43465 30
43470 55
43475 57
43480 59
43485 96
43490 66
43495 67
43500 48
43505 22
43510 35
43515 65
43520 24
43525 34
43530 31
43535 38
43540 42
43545 0
43550 72
43555 37
43560 64
43565 82
43570 57
43575 47
43580 74
43585 87
43590 63
43595 61
43600 5
43605 92
43610 19
43615 83
43620 1
43625 78
43630 20
43635 86
43640 25
43645 51
43650 82
43655 20
43660 33
43665 10
43670 15
43675 24
43680 43
43685 73
43690 22
43695 56
43700 16
43705 3
43710 54
43715 86
43720 33
43725 49
43730 36
43735 65
43740 27
43745 38
43750 7
43755 43
43760 65
43765 65
43770 78
43775 54
43780 22
43785 54
43790 90
43795 50
43800 41
43805 95
43810 30
43815 33
43820 66
43825 91
43830 37
43835 25
43840 2
43845 44
43850 53
43855 51
43860 39
43865 73
43870 43
43875 83
43880 41
43885 5
43890 93
43895 84
43900 13
43905 90
43910 12
43915 92
43920 0
43925 61
43930 83
43935 86
43940 30
43945 5
43950 60
43955 89
43960 35
43965 84
43970 67
43975 4
43980 36
43985 50
43990 25
43995 62
44000 57
44005 13
44010 35
44015 60
44020 17
44025 98
44030 85
44035 23
44040 67
44045 65
44050 98
44055 83
44060 10
44065 93
44070 75
44075 56
44080 51
44085 89
44090 10
44095 96
44100 52
44105 38
44110 99
44115 66
44120 76
44125 99
44130 88
44135 83
44140 34
44145 19
44150 0
44155 33
44160 37
44165 94
44170 17
44175 27
44180 19
44185 34
44190 90
44195 12
44200 63
44205 43
44210 33
44215 36
44220 1
44225 16
44230 50
44235 37
44240 18
44245 49
44250 57
44255 95
44260 85
44265 24
44270 73
44275 12
44280 41
44285 71
44290 0
44295 93
44300 85
44305 96
44310 63
44315 71
44320 14
44325 65
44330 96
44335 33
44340 56
44345 10
44350 59
44355 64
44360 70
44365 60
44370 91
44375 47
44380 96
44385 88
44390 12
44395 39
44400 25
44405 71
44410 73
44415 64
44420 24
44425 22
44430 75
44435 19
44440 8
44445 15
44450 83
44455 0
44460 63
44465 83
44470 85
44475 34
44480 48
44485 71
44490 40
44495 12
44500 97
44505 5
44510 2
44515 35
44520 57
44525 75
44530 78
44535 87
44540 95
44545 62
44550 84
44555 34
44560 11
44565 34
44570 29
44575 65
44580 92
44585 87
44590 68
44595 47
44600 41
44605 31
44610 71
44615 74
44620 73
44625 5
44630 7
44635 75
44640 85
44645 77
44650 46
44655 16
44660 77
44665 59
44670 1
44675 90
44680 1
44685 13
44690 65
44695 51
44700 54
44705 86
44710 42
44715 84
44720 44
44725 2
44730 77
44735 60
44740 38
44745 36
44750 49
44755 18
44760 79
44765 98
44770 54
44775 68
44780 50
44785 3
44790 57
44795 47
44800 54
44805 94
44810 65
44815 44
44820 94
44825 12
44830 40
44835 80
44840 96
44845 55
44850 6
44855 41
44860 61
44865 13
44870 29
44875 6
44880 46
44885 78
44890 14
44895 46
44900 41
44905 84
44910 21
44915 88
44920 35
44925 56
44930 68
44935 48
44940 49
44945 19
44950 6
44955 64
44960 89
44965 97
44970 85
44975 47
44980 97
44985 74
44990 58
44995 51
45000 2
45005 75
45010 59
45015 18
45020 65
45025 31
45030 21
45035 86
45040 4
45045 39
45050 34
45055 37
45060 32
45065 93
45070 59
45075 19
45080 41
45085 81
45090 88
45095 62
45100 74
45105 83
45110 53
45115 77
45120 0
45125 11
45130 10
45135 93
45140 86
45145 49
45150 83
45155 40
45160 15
45165 99
45170 62
45175 50
45180 65
45185 76
45190 74
45195 11
45200 62
45205 30
45210 47
45215 19
45220 71
45225 13
45230 18
45235 75
45240 18
45245 86
45250 89
45255 7
45260 70
45265 88
45270 86
45275 66
45280 90
45285 20
45290 2
45295 70
45300 77
45305 7
45310 47
45315 2
45320 87
45325 65
45330 37
45335 20
45340 92
45345 78
45350 94
45355 70
45360 17
45365 38
45370 53
45375 32
45380 93
45385 54
45390 44
45395 27
45400 47
45405 88
45410 61
45415 85
45420 52
45425 47
45430 86
45435 61
45440 46
45445 39
45450 19
45455 58
45460 69
45465 50
45470 52
45475 18
45480 17
45485 10
45490 58
45495 31
45500 8
45505 41
45510 99
45515 48
45520 82
45525 55
45530 99
45535 10
45540 46
45545 95
45550 42
45555 83
45560 9
45565 80
45570 83
45575 74
45580 47
45585 94
45590 75
45595 89
45600 75
45605 53
45610 33
45615 88
45620 16
45625 69
45630 22
45635 28
45640 10
45645 77
45650 60
45655 69
45660 47
45665 95
45670 59
45675 75
45680 83
45685 50
45690 36
45695 56
45700 37
45705 74
45710 1
45715 29
45720 41
45725 17
45730 35
45735 94
45740 37
45745 43
45750 84
45755 0
45760 48
45765 31
45770 68
45775 80
45780 28
45785 99
45790 13
45795 84
45800 41
45805 93
45810 60
45815 94
45820 86
45825 47
45830 6
45835 60
45840 97
45845 49
45850 82
45855 28
45860 65
45865 48
45870 56
45875 32
45880 91
45885 70
45890 66
45895 17
45900 66
45905 65
45910 50
45915 21
45920 58
45925 85
45930 25
45935 11
45940 94
45945 41
45950 87
45955 22
45960 91
45965 6
45970 9
45975 42
45980 0
45985 94
45990 84
45995 66
46000 94
46005 98
46010 6
46015 87
46020 90
46025 23
46030 66
46035 63
46040 35
46045 48
46050 72
46055 73
46060 19
46065 60
46070 19
46075 57
46080 59
46085 99
46090 55
46095 40
46100 27
46105 61
46110 65
46115 6
46120 12
46125 58
46130 12
46135 19
46140 74
46145 61
46150 98
46155 79
46160 54
46165 77
46170 39
46175 32
46180 82
46185 4
46190 61
46195 92
46200 41
46205 34
46210 94
46215 90
46220 33
46225 42
46230 27
46235 95
46240 98
46245 75
46250 54
46255 56
46260 94
46265 54
46270 56
46275 64
46280 41
46285 98
46290 54
46295 84
46300 1
46305 2
46310 70
46315 56
46320 41
46325 63
46330 56
46335 52
46340 5
46345 30
46350 10
46355 17
46360 43
46365 64
46370 61
46375 73
46380 41
46385 93
46390 72
46395 81
46400 95
46405 15
46410 39
46415 77
46420 34
46425 63
46430 84
46435 39
46440 74
46445 46
46450 89
46455 8
46460 52
46465 96
46470 44
46475 42
46480 5
46485 85
46490 39
46495 19
46500 79
46505 60
46510 28
46515 86
46520 18
46525 21
46530 58
46535 26
46540 99
46545 14
46550 61
46555 97
46560 72
46565 79
46570 95
46575 5
46580 24
46585 86
46590 33
46595 39
46600 0
46605 8
46610 19
46615 90
46620 65
46625 39
46630 8
46635 77
46640 84
46645 15
46650 93
46655 27
46660 0
46665 97
46670 47
46675 68
46680 87
46685 9
46690 13
46695 65
46700 65
46705 26
46710 93
46715 91
46720 50
46725 67
46730 45
46735 14
46740 8
46745 19
46750 63
46755 24
46760 38
46765 80
46770 94
46775 43
46780 16
46785 73
46790 40
46795 4
46800 28
46805 7
46810 23
46815 24
46820 8
46825 26
46830 97
46835 6
46840 64
46845 86
46850 84
46855 88
46860 52
46865 39
46870 34
46875 89
46880 75
46885 84
46890 84
46895 87
46900 3
46905 55
46910 64
46915 20
46920 6
46925 18
46930 50
46935 71
46940 2
46945 88
46950 33
46955 12
46960 90
46965 36
46970 24
46975 18
46980 44
46985 48
46990 91
46995 86
47000 71
47005 34
47010 63
47015 10
47020 15
47025 12
47030 95
47035 38
47040 74
47045 39
47050 25
47055 35
47060 23
47065 7
47070 7
47075 28
47080 42
47085 97
47090 70
47095 10
47100 58
47105 41
47110 47
47115 83
47120 57
47125 92
47130 5
47135 90
47140 99
47145 22
47150 45
47155 40
47160 93
47165 18
47170 26
47175 80
47180 50
47185 77
47190 5
47195 54
47200 65
47205 67
47210 43
47215 21
47220 7
47225 10
47230 61
47235 50
47240 28
47245 63
47250 67
47255 48
47260 55
47265 28
47270 51
47275 33
47280 71
47285 18
47290 17
47295 18
47300 43
47305 91
47310 49
47315 48
47320 14
47325 5
47330 22
47335 83
47340 55
47345 95
47350 11
47355 67
47360 31
47365 98
47370 38
47375 10
47380 24
47385 45
47390 72
47395 84
47400 97
47405 78
47410 75
47415 48
47420 73
47425 52
47430 67
47435 93
47440 2
47445 9
47450 34
47455 75
47460 71
47465 76
47470 52
47475 61
47480 98
47485 64
47490 38
47495 79
47500 34
47505 41
47510 67
47515 94
47520 73
47525 94
47530 17
47535 65
47540 88
47545 58
47550 59
47555 31
47560 40
47565 59
47570 22
47575 47
47580 6
47585 36
47590 52
47595 28
47600 94
47605 86
47610 29
47615 48
47620 19
47625 47
47630 92
47635 56
47640 26
47645 10
47650 18
47655 89
47660 48
47665 3
47670 0
47675 63
47680 39
47685 41
47690 90
47695 99
47700 74
47705 28
47710 1
47715 49
47720 87
47725 86
47730 93
47735 48
47740 58
47745 74
47750 78
47755 15
47760 19
47765 77
47770 84
47775 64
47780 64
47785 28
47790 64
47795 0
47800 4
47805 40
47810 99
47815 27
47820 31
47825 11
47830 82
47835 83
47840 55
47845 40
47850 64
47855 74
47860 54
47865 49
47870 64
47875 35
47880 51
47885 3
47890 95
47895 85
47900 52
47905 21
47910 39
47915 59
47920 84
47925 36
47930 53
47935 57
47940 74
47945 70
47950 45
47955 6
47960 95
47965 10
47970 31
47975 89
47980 49
47985 44
47990 10
47995 50
48000 45
48005 6
48010 90
48015 47
48020 19
48025 69
48030 32
48035 13
48040 66
48045 39
48050 65
48055 49
48060 64
48065 16
48070 50
48075 1
48080 1
48085 61
48090 36
48095 54
48100 33
48105 74
48110 84
48115 57
48120 55
48125 10
48130 63
48135 63
48140 58
48145 58
48150 14
48155 31
48160 6
48165 82
48170 6
48175 49
48180 80
48185 84
48190 25
48195 69
48200 8
48205 55
48210 64
48215 46
48220 22
48225 42
48230 7
48235 22
48240 97
48245 20
48250 46
48255 7
48260 83
48265 58
48270 88
48275 29
48280 91
48285 91
48290 91
48295 6
48300 42
48305 14
48310 57
48315 72
48320 99
48325 92
48330 49
48335 5
48340 42
48345 87
48350 59
48355 66
48360 68
48365 28
48370 44
48375 87
48380 55
48385 2
48390 51
48395 51
48400 24
48405 14
48410 30
48415 59
48420 18
48425 7
48430 17
48435 48
48440 49
48445 67
48450 57
48455 13
48460 50
48465 24
48470 12
48475 61
48480 6
48485 31
48490 69
48495 36
48500 59
48505 84
48510 81
48515 18
48520 27
48525 26
48530 49
48535 11
48540 60
48545 22
48550 99
48555 67
48560 42
48565 53
48570 12
48575 74
48580 15
48585 47
48590 70
48595 34
48600 10
48605 4
48610 80
48615 42
48620 60
48625 0
48630 51
48635 74
48640 68
48645 26
48650 13
48655 42
48660 48
48665 61
48670 3
48675 3
48680 60
48685 2
48690 40
48695 37
48700 69
48705 13
48710 26
48715 26
48720 25
48725 83
48730 28
48735 25
48740 23
48745 91
48750 16
48755 8
48760 24
48765 96
48770 14
48775 43
48780 30
48785 1
48790 61
48795 76
48800 74
48805 5
48810 19
48815 81
48820 8
48825 92
48830 38
48835 5
48840 0
48845 63
48850 31
48855 70
48860 1
48865 51
48870 97
48875 16
48880 41
48885 54
48890 78
48895 88
48900 26
48905 56
48910 92
48915 53
48920 88
48925 15
48930 26
48935 3
48940 98
48945 26
48950 10
48955 28
48960 48
48965 79
48970 3
48975 27
48980 96
48985 52
48990 48
48995 88
49000 83
49005 20
49010 67
49015 76
49020 50
49025 35
49030 51
49035 87
49040 2
49045 21
49050 86
49055 73
49060 92
49065 83
49070 50
49075 33
49080 49
49085 27
49090 26
49095 18
49100 75
49105 77
49110 11
49115 74
49120 1
49125 92
49130 78
49135 54
49140 72
49145 33
49150 73
49155 30
49160 21
49165 17
49170 94
49175 30
49180 2
49185 32
49190 92
49195 68
49200 29
49205 14
49210 48
49215 24
49220 72
49225 94
49230 77
49235 68
49240 44
49245 78
49250 96
49255 75
49260 42
49265 62
49270 55
49275 76
49280 69
49285 12
49290 59
49295 83
49300 68
49305 89
49310 26
49315 50
49320 28
49325 56
49330 87
49335 51
49340 81
49345 73
49350 94
49355 74
49360 31
49365 15
49370 96
49375 52
49380 76
49385 49
49390 37
49395 86
49400 28
49405 58
49410 51
49415 55
49420 29
49425 78
49430 88
49435 73
49440 47
49445 71
49450 80
49455 41
49460 49
49465 77
49470 79
49475 81
49480 45
49485 56
49490 16
49495 59
49500 10
49505 20
49510 36
49515 59
49520 79
49525 61
49530 66
49535 74
49540 35
49545 85
49550 1
49555 15
49560 53
49565 22
49570 68
49575 65
49580 99
49585 5
49590 10
49595 8
49600 23
49605 35
49610 37
49615 79
49620 90
49625 0
49630 40
49635 10
49640 10
49645 65
49650 30
49655 66
49660 36
49665 77
49670 61
49675 68
49680 3
49685 10
49690 25
49695 7
49700 86
49705 77
49710 33
49715 7
49720 74
49725 1
49730 7
49735 91
49740 9
49745 73
49750 41
49755 86
49760 97
49765 9
49770 1
49775 67
49780 4
49785 7
49790 86
49795 53
49800 72
49805 25
49810 79
49815 74
49820 40
49825 33
49830 27
49835 83
49840 53
49845 14
49850 75
49855 21
49860 30
49865 39
49870 57
49875 8
49880 43
49885 73
49890 85
49895 45
49900 21
49905 59
49910 93
49915 24
49920 11
49925 58
49930 81
49935 84
49940 30
49945 5
49950 11
49955 72
49960 64
49965 16
49970 58
49975 26
49980 10
49985 84
49990 83
49995 61
